global_signal	global_signal_derivative1	global_signal_power2	global_signal_derivative1_power2	csf	csf_derivative1	csf_derivative1_power2	csf_power2	white_matter	white_matter_derivative1	white_matter_power2	white_matter_derivative1_power2	csf_wm	tcompcor	std_dvars	dvars	framewise_displacement	rmsd	t_comp_cor_00	t_comp_cor_01	t_comp_cor_02	t_comp_cor_03	t_comp_cor_04	c_comp_cor_00	c_comp_cor_01	c_comp_cor_02	c_comp_cor_03	c_comp_cor_04	c_comp_cor_05	c_comp_cor_06	c_comp_cor_07	c_comp_cor_08	c_comp_cor_09	c_comp_cor_10	c_comp_cor_11	c_comp_cor_12	c_comp_cor_13	c_comp_cor_14	c_comp_cor_15	w_comp_cor_00	w_comp_cor_01	w_comp_cor_02	w_comp_cor_03	w_comp_cor_04	w_comp_cor_05	w_comp_cor_06	w_comp_cor_07	w_comp_cor_08	w_comp_cor_09	w_comp_cor_10	w_comp_cor_11	w_comp_cor_12	w_comp_cor_13	w_comp_cor_14	w_comp_cor_15	w_comp_cor_16	w_comp_cor_17	w_comp_cor_18	w_comp_cor_19	w_comp_cor_20	w_comp_cor_21	w_comp_cor_22	w_comp_cor_23	w_comp_cor_24	w_comp_cor_25	w_comp_cor_26	w_comp_cor_27	w_comp_cor_28	w_comp_cor_29	w_comp_cor_30	w_comp_cor_31	w_comp_cor_32	w_comp_cor_33	w_comp_cor_34	w_comp_cor_35	w_comp_cor_36	w_comp_cor_37	w_comp_cor_38	w_comp_cor_39	w_comp_cor_40	a_comp_cor_00	a_comp_cor_01	a_comp_cor_02	a_comp_cor_03	a_comp_cor_04	a_comp_cor_05	a_comp_cor_06	a_comp_cor_07	a_comp_cor_08	a_comp_cor_09	a_comp_cor_10	a_comp_cor_11	a_comp_cor_12	a_comp_cor_13	a_comp_cor_14	a_comp_cor_15	a_comp_cor_16	a_comp_cor_17	a_comp_cor_18	a_comp_cor_19	a_comp_cor_20	a_comp_cor_21	a_comp_cor_22	a_comp_cor_23	a_comp_cor_24	a_comp_cor_25	a_comp_cor_26	a_comp_cor_27	a_comp_cor_28	a_comp_cor_29	a_comp_cor_30	a_comp_cor_31	a_comp_cor_32	a_comp_cor_33	a_comp_cor_34	a_comp_cor_35	a_comp_cor_36	a_comp_cor_37	a_comp_cor_38	a_comp_cor_39	edge_comp_00	edge_comp_01	edge_comp_02	edge_comp_03	edge_comp_04	edge_comp_05	edge_comp_06	edge_comp_07	edge_comp_08	edge_comp_09	edge_comp_10	edge_comp_11	edge_comp_12	edge_comp_13	edge_comp_14	edge_comp_15	edge_comp_16	edge_comp_17	edge_comp_18	edge_comp_19	edge_comp_20	edge_comp_21	edge_comp_22	edge_comp_23	cosine00	cosine01	cosine02	trans_x	trans_x_derivative1	trans_x_power2	trans_x_derivative1_power2	trans_y	trans_y_derivative1	trans_y_derivative1_power2	trans_y_power2	trans_z	trans_z_derivative1	trans_z_derivative1_power2	trans_z_power2	rot_x	rot_x_derivative1	rot_x_power2	rot_x_derivative1_power2	rot_y	rot_y_derivative1	rot_y_derivative1_power2	rot_y_power2	rot_z	rot_z_derivative1	rot_z_power2	rot_z_derivative1_power2	motion_outlier00
1732.6652606841049	n/a	3002128.905581517	n/a	2605.468242723048	n/a	n/a	6788464.763838328	1882.942983326884	n/a	3545474.2784599457	n/a	2042.3343238328928	1296.9653791159851	n/a	n/a	n/a	n/a	-0.0881250894	-0.0972369146	0.0305229237	-0.2134042537	0.0065934872	-0.070192957	0.0523665951	-0.0410970455	0.0303216501	-0.0840414542	0.0106151074	-0.1534810792	0.0875850616	-0.0307201221	0.02293788	-0.227732889	0.0695534534	-0.0147423797	0.0090726169	-0.0020100797	0.0468503296	-0.1039907121	0.0682017436	-0.05348999	0.0573312082	-0.1145654255	0.0098844868	-0.0305371606	0.0582411265	-0.059309042	0.0986683063	-0.0348112116	0.0643056724	-0.1182326356	0.0048803795	-0.0977667256	0.1098357419	-0.0616129805	0.0016321885	-0.0365303708	0.1349486008	-0.0703386766	0.0382219132	-0.043603501	0.0599306215	-0.1452666864	0.0443259057	-0.1099042146	-0.0168181831	-0.0457373769	0.0529913714	-0.1259343335	0.0747956714	-0.1432530422	-0.0252236039	-0.036387211	0.0743114962	-0.0273864593	-0.0614005441	0.0518317482	0.0539012288	-0.0475737377	-0.1469960153	0.0060343218	-0.0305040712	0.0156934473	-0.1072100224	-0.0186823343	0.0240605694	-0.0496837212	0.052208892	-0.0491739278	0.0150779434	-0.0473273365	0.1716510414	-0.0052459915	0.0253904099	-0.0428544284	0.0572315397	-0.0761711866	0.0947306308	-0.0668856403	0.0910370331	-0.1470218674	0.0242877336	-0.0484305319	0.0655686299	-0.1681869991	0.065477679	-0.0172484823	0.0804584783	0.0838382878	-0.0819447501	0.0622182178	-0.0261842611	0.1538322492	0.0961826364	-0.0229334601	-0.1565134343	0.083103091	0.0995033595	-0.0529470587	-0.0248212723	0.2281835653	-0.0942332821	0.0089918815	-0.0521039086	0.1219215575	-0.1639749625	0.0282164977	-0.0514370458	-0.0624360224	0.0341620986	-0.1557630567	0.0218155281	-0.088463035	0.007907678	-0.0972463423	0.0063025058	-0.0802792753	0.0508945424	-0.0528896623	0.0329472387	0.0128210805	-0.0519100597	0.1198369378	0.1154637225	0.1154447293	0.1154130763	-0.0162013	n/a	0.0002624821216899	n/a	0.0198422	n/a	n/a	0.00039371290084	-0.0587122	n/a	n/a	0.00344712242884	0.00220747	n/a	4.8729238009e-06	n/a	0.00105526	n/a	n/a	1.1135736676e-06	-0.00108106	n/a	1.1686907236e-06	n/a	0.0
1738.3773442728243	5.712083588719452	3021955.7910810374	32.62789892451809	2604.2990335438	-1.1692091792483552	1.3670501048386123	6782373.45611717	1883.566720241908	0.6237369150239829	3547823.589602858	0.3890477391636352	2040.231039760736	1317.4460235381812	1.006969	19.453331	0.0623787299999999	0.0366895	-0.1192109892	0.1127631706	0.070440261	-0.1471073078	0.1097045756	-0.1025108795	-0.0323289935	-0.0085726201	0.1527942635	-0.0368359454	0.1619154911	0.0017094621	0.0653668896	-0.0544717202	-0.0858405512	-0.1375129823	0.2180753615	-0.132790582	-0.0723920767	0.1147787645	0.0012004542	-0.0897578501	0.1312391141	0.0204339132	-0.0498456607	-0.007016132	-0.0479590284	-0.1474533307	0.0300150094	-0.0819670447	-0.0696219973	-0.0193316414	0.0870730448	-0.0363862419	-0.12467042	0.0621787578	0.0216702438	-0.0474700419	0.0033703415	-0.0298840888	-0.019679767	0.0673835149	0.0408392183	-0.1233050822	-0.0841162877	-0.02748667	-0.0917032638	-0.1350901592	-0.0004140855	0.1189781203	-0.0129250603	0.0997225309	0.1458538743	-0.027566241	-0.0581042515	-0.0944181237	0.0204320717	0.0284194416	-0.0629073727	0.0509190594	-0.039530357	-0.1499054022	-0.0191489295	0.1156958336	-0.0413885463	-0.0981033505	-0.1198114786	0.0808348734	-0.0164419916	-0.2089219909	0.0739227322	-0.1026320959	0.0288291881	-0.0488780436	0.091288395	-0.0199940283	-0.0279651667	0.0424047163	0.0373495294	-0.0443049051	-0.0140840625	-0.0588248836	0.0174764205	-0.1519362516	0.0620706302	0.1023120167	0.0101732402	-0.0021617386	0.0357263454	-0.0736824013	-0.0141669008	-0.077098619	-0.0323799835	0.0683878517	-0.0466195596	0.0792846844	-0.0004243031	-0.0265660162	0.1187470432	-0.0895025037	0.1234673734	-0.0003314974	-0.0315825564	0.1951825546	-0.1262366064	-0.0161957191	0.0699658238	0.1070986185	-0.0827264625	-0.0456645282	0.1406230354	-0.0783856325	0.0777001504	-0.0882714492	-0.0620200483	0.0195378845	-0.0519582058	-0.0133620058	-0.0136261265	0.0776475472	-0.0417002773	0.0057872879	-0.1033527651	0.1228330627	-0.0140752625	0.0798050289	0.1154130763	0.1152422001	0.1149575937	-0.00184172	0.0143595799999999	3.3919325584e-06	0.0002061975377763	0.0240577	0.0042155	1.7770440250000004e-05	0.00057877292929	-0.0281203	0.0305918999999999	0.0009358643456099	0.00079075127209	0.00220747	0.0	4.8729238009e-06	0.0	0.000791025	-0.0002642349999999	6.982013522499997e-08	6.25720550625e-07	-0.00108106	0.0	1.1686907236e-06	0.0	0.0
1731.9544308029017	-6.422913469922605	2999666.150377803	41.25381744211324	2603.801552647157	-0.497480896642628	0.2474872425243532	6779782.525567747	1880.807174699425	-2.7595455424827837	3537435.628400834	7.615091601036599	2037.5622098469887	1304.1580562811444	1.083657	20.934828	0.04516477	0.0208387	-0.0413739758	-0.1204178015	0.2357663495	-0.1026959685	0.0148148327	-0.0519939318	0.059042505	0.0139761585	-0.1617192643	0.072110543	0.0091856933	0.0594908323	-0.0327535688	-0.0209994829	-0.0671136146	0.0124101358	-0.0733554195	0.0088307516	-0.0439006541	0.0364729879	0.1028184236	-0.0289055331	0.1291579041	-0.0008929762	-0.0936195597	-0.0885892751	-0.1353817902	-0.0351665233	-0.0292444253	-0.104220863	-0.0308321959	-0.0622613357	0.1239150173	-0.0951806497	0.116381799	0.0476335709	-0.0287618277	-0.0141983719	-0.1200366742	-0.1039442186	0.0431376285	-0.0184157565	0.2036460187	0.0596446909	0.0968672906	0.0804217758	0.0306301632	0.0026319229	-0.0696779002	0.0752377107	-0.0745264301	0.0429637084	0.0260575423	0.045166967	-0.0235041652	0.0382110242	-0.0524390729	0.0406197129	0.0818425074	-0.0165622059	0.0209972066	0.0525616396	-0.0195056262	0.024869045	-0.0939608745	-0.058634594	0.0029947349	0.0439075838	-0.0669630155	-0.0312762856	-0.051513531	0.0266726072	0.122043927	-0.0598895283	0.1552283473	0.0343386548	0.0823505082	-0.002715876	-0.0049719147	-0.0088940174	0.0529343966	0.1305789409	0.0083424231	-0.031307407	-0.0625013995	-0.0720571059	-0.1009442598	0.0760267578	-0.1105609238	-0.0803488377	0.0468352262	-0.0181361316	0.1283317163	0.0070491693	0.1153963243	0.0803441172	-0.1218583145	0.0833381597	0.010592609	0.0751972759	0.0111848765	-0.0428999628	-0.0242916347	0.2022941346	-0.0841369458	-0.046131746	-0.0477006876	-0.1205623501	-0.112480081	-0.0163680017	-0.0473180716	-0.0191568326	0.1074603669	-0.0264137779	0.0216388852	0.0121785788	-0.0463268836	-0.0721008599	0.0164716389	0.0352338474	-0.0753137376	0.0149981794	0.0759799698	-0.0143782639	0.0673736025	-0.0197657408	0.1153118061	0.1148374968	0.1140484259	-0.0072425399999999	-0.0054008199999999	5.245438565159855e-05	2.916885667239892e-05	0.0180331	-0.0060246	3.629580516000002e-05	0.00032519269561	-0.0258917	0.0022286	4.966657960000004e-06	0.00067038012889	0.00208043	-0.00012704	4.3281889849e-06	1.6139161600000035e-08	0.000513323	-0.000277702	7.7118400804e-08	2.63500502329e-07	-0.000855587	0.000225473	7.32029114569e-07	5.0838073729000006e-08	0.0
1735.8092526771886	3.854821874286927	3013033.76167974	14.859651682480974	2600.091835019451	-3.7097176277061408	13.762004877313675	6760477.550534816	1881.1648889097607	0.3577142103356436	3538781.3392668725	0.1279594562760531	2036.642434847128	1330.2682926012617	1.065781	20.5895	0.0499172999999999	0.0256449	-0.0820703995	0.0701674786	-0.0205683183	-0.1723387283	0.106650046	0.0118503477	0.0306700403	-0.0901550166	-0.079134	-0.034725154	0.0889665979	0.054001373	0.0346540905	0.1340079196	-0.0422918731	-0.0820316431	0.1927545404	0.1611367092	0.0164807156	0.0817282451	0.0092922187	-0.0394629448	0.1116598996	-0.0696402086	0.0118575759	-0.1352741123	0.0137091658	-0.0611623684	-0.0517593105	-0.0181016467	-0.0759939895	0.004243961	-0.0119751833	0.1432873254	0.0896253988	-0.0320828398	0.1056324554	0.0025522309	-0.055240394	0.004496524	-0.2004374574	-0.0312213478	-0.1272576397	0.0913223877	-0.0821609539	-0.1252029852	0.0595328938	-0.118275864	0.0296275829	0.0110548717	0.0447411912	0.0861485929	-0.0757962264	-0.0085138999	0.057035337	0.0141870515	-0.064217473	-0.0212677213	-0.0712224676	-0.0505348615	-0.0590915023	-0.2370349824	-0.0065114558	-0.0074262586	-0.0377076227	-0.0619738545	-0.1263227006	-0.0026769283	-0.2595713693	0.125522538	0.1196195539	-0.0905927227	0.0039204213	-0.1310179905	0.1011586998	0.1324857422	0.0432817906	-0.0608436879	-0.0587423826	0.0984259305	-0.0818853633	-0.0678670709	-0.0434652405	-0.1715405184	0.1071446337	0.032837109	0.0792970985	-0.0902684974	-0.0275107113	0.1174978984	0.045584951	-0.0685374597	0.0058187829	0.0671520953	0.041053603	-0.043827935	0.0173957535	-0.0290280452	0.0173752991	0.0636066934	-0.0258756525	0.0417504198	-0.0453696708	0.1751634963	-0.0779821829	0.0108570384	-0.1216298388	0.0942963326	0.1018963786	-0.003709945	0.080350023	-0.0292632148	-0.0178339346	0.0105730898	0.1446389804	-0.0094715805	-0.0332380589	-0.1545864292	0.0989231075	-0.0509133198	0.0474732611	-0.0088069391	0.002916976	-0.1600441118	0.088955183	0.0968554848	0.1151599564	0.1142313295	0.112689161	0.00305336	0.0102958999999999	9.323007289600002e-06	0.0001060055568099	0.0180444	1.1299999999998813e-05	1.2768999999997312e-10	0.0003256003713599	-0.0281181	-0.0022264	4.95685696e-06	0.00079062754761	0.00177918	-0.0003012499999999	3.1654814724e-06	9.075156249999993e-08	0.000227228	-0.000286095	8.1850349025e-08	5.1632563984e-08	-0.000695258	0.0001603289999999	4.833836865640001e-07	2.5705388240999987e-08	0.0
1735.8349642230594	0.025711545870763	3013123.02301927	0.0006610835910643	2606.537513189923	6.4456781704720925	41.54676707730046	6794037.807666309	1882.1196874768063	0.9547985670456	3542374.517987791	0.9116403036323312	2040.432764352509	1322.7018901732445	1.013111	19.571972	0.04347377	0.0297667	-0.0650022185	0.0261629824	0.1875004059	0.0126115294	0.0981496898	-0.0425351592	0.0297204122	-0.0138388105	-0.1619773814	-0.0420265159	-0.0056411875	-0.0591150224	0.0300017834	-0.0543415726	0.0681076349	0.0545049452	0.05601022	-0.1341162218	0.0397040747	0.0470522227	0.0617022123	-0.0749695156	0.1259481208	-0.0324199945	0.0934315256	0.0038205012	0.0157051377	0.0188410631	0.0377933187	0.0046199853	0.0981035631	-0.0110692679	-0.0111032855	0.0226598571	-0.0053922465	-0.0563128205	-0.0494120202	0.04856944	-0.0817526771	-0.0825544443	0.0394332643	0.1025652607	0.0713536842	0.0026292939	-0.0211636066	-0.0475925256	-0.0726137368	0.0118428322	0.1515765884	-0.0516403531	0.0263087249	-0.065840959	-0.1279563089	0.1524292404	0.06730795	0.0560051121	0.1101443538	0.0218841439	0.1272278495	0.0595821012	0.1686002885	-0.0132121461	-0.0790185617	0.0211499945	-0.082112372	-0.0247966769	-0.0995787654	0.0147517188	0.0341683017	-0.0104321076	-0.0111933901	0.0350560761	-0.0175063744	-0.0765165236	-0.0203034993	0.0331599384	0.049596918	-0.0522905087	-0.0413397369	-0.0117654691	0.0974426384	-0.0337894945	0.0152588224	0.1277864185	0.0066780246	-0.056958505	-0.0492164139	-0.0030997393	0.0711204834	-0.0287516648	0.0259447633	-0.0792938804	0.0089091034	-0.0262932605	0.0756587587	0.1483984689	0.0790680902	0.0659776407	-0.1065089103	-0.0827631965	-0.061703956	-0.1008910843	-0.0464981916	0.1337855033	-0.0418155689	0.1086953056	0.1032946877	-0.0404927158	-0.0807910114	-0.0518870777	-0.0864743919	-0.0565864669	0.0128178686	-0.0153339239	0.0254148431	-0.054149283	-0.0349373021	-0.0814954925	0.0278564443	-0.0500750523	0.0750753273	-0.0184214934	-0.1230400516	-0.0711838821	0.1217058123	0.0814382157	0.1149575937	0.1134247617	0.1108851636	-0.00200281	-0.00505617	4.011247896099999e-06	2.5564855068900005e-05	0.0180337	-1.0699999999998905e-05	1.1448999999997655e-10	0.00032521433569	-0.0280845	3.3600000000001684e-05	1.1289600000001131e-09	0.0007887391402499	0.00122599	-0.00055319	1.5030514801e-06	3.060191761000001e-07	0.000347971	0.0001207429999999	1.4578872048999996e-08	1.21083816841e-07	-0.0007887909999999	-9.353299999989996e-05	6.221912416808423e-07	8.748422088981285e-09	0.0
1731.0713890895083	-4.763575133551058	2996608.15412428	22.691648052985972	2600.761535025606	-5.775978164317166	33.3619237546687	6763960.562068746	1877.3674860414608	-4.752201435345569	3524508.6776456344	22.583418482100484	2036.316255289872	1308.182212937788	0.978855	18.910198	0.07546176	0.0404739	-0.0551416117	-0.05152005	0.0285415379	-0.1750354347	0.0774976564	0.0104701277	0.040433806	0.0584832284	0.0059652435	-0.0455069085	-0.0124159563	-0.0534233312	-0.001505945	-0.0399526943	-0.0412254245	-0.1351537274	-0.0219473768	-0.1016384057	0.0292678567	0.0580150377	-0.0433704413	0.0240019812	0.0496158775	-0.1212296742	0.1907017733	-0.0420354753	-0.0204930274	-0.1587231729	-0.0355855042	0.0301599307	-0.0290233538	-0.0041684883	0.1395611986	-0.0592501278	0.011156973	0.1159512152	-0.0076700612	-0.0393131367	-0.0253248952	-0.0309245157	0.0367958992	-0.0069750249	0.038916061	-0.0169193625	0.1354462543	-0.0109338604	0.0981869036	0.101013517	0.07206895	-0.0453831845	-0.0881217374	0.1265757132	-0.0515453861	-0.1145900118	0.1204266154	0.018154289	0.1325538347	-0.0104294155	-0.0063643558	0.0487836172	-0.103603044	0.020696982	-0.0463106953	-0.0692213097	-0.0516242426	0.0166209381	-0.0481704466	-0.0580212782	0.0753046932	-0.1494337512	0.0927915938	-0.0603190123	-0.0609709054	-0.0320426465	0.1074544658	-0.0246398018	0.0924532041	-0.0115608643	-0.0165260999	0.0269685425	0.0643250196	0.0432622949	-0.0292501808	0.0959756631	-0.0146561926	-0.0606772236	0.1492282322	-0.0423176478	-0.0757886876	-0.0927587329	-0.1175033551	0.0410253677	-0.0700558609	-0.0989445421	0.1220638055	-0.0082004098	0.0025238901	-0.0293972656	0.0153106029	0.1776114876	-0.1926866447	0.1219771385	-0.0295024886	0.1543198873	-0.0523429193	0.0155852443	-0.0724724534	0.0826556617	-0.1045628382	0.0750740634	0.0528576556	0.0617448996	0.1517323646	0.019945721	0.005782957	-0.1246357853	0.0342718146	-0.080172231	-0.0160086274	0.0225627686	-0.0277007668	-0.0431335483	-0.0409367545	0.0031505182	0.0088475089	0.0060387475	0.1147048067	0.1124192083	0.108643553	-0.00718572	-0.00518291	5.16345719184e-05	2.68625560681e-05	0.0180227	-1.1000000000000593e-05	1.2100000000001302e-10	0.0003248177152899	-0.0522385	-0.024154	0.000583415716	0.00272886088225	0.0017674	0.00054141	3.12370276e-06	2.931247881e-07	0.000146124	-0.0002018469999999	4.0742211408999996e-08	2.1352223376e-08	-0.000609771	0.0001790199999999	3.7182067244099993e-07	3.2048160399964215e-08	0.0
1727.5121802070523	-3.559208882456005	2984298.332763723	12.667967868953724	2589.9375455538816	-10.823989471724415	117.15874808400102	6707776.489869664	1874.0220032814395	-3.345482760021241	3511958.46878298	11.19225489759934	2029.214619517212	1297.2104634916889	0.9532560000000002	18.415668	0.1650248199999999	0.0893202	-0.140707568	-0.0288934569	0.0649089679	-0.0867216078	0.0310503293	-0.0259492241	-0.1766332756	-0.0191939435	0.0119897184	-0.0737973668	-0.0756301501	0.1085796083	0.1583264791	0.0050734906	0.0140989005	-0.1185919553	-0.0525623364	-0.0934581222	0.1005767182	-0.0062912113	0.1147701891	-0.0374141124	-0.1516040914	-0.0187206013	0.0409588987	-0.0621775836	0.0503660309	-0.0826469399	0.0274718996	-0.0349119742	0.0656003494	0.0845169308	-0.0365240262	-0.0111916892	0.1287517105	-0.0169332297	0.0096924197	0.1436034687	0.111391966	0.0043439903	0.1436566705	-0.1122401787	0.0603836422	0.0117210149	-0.0037219533	0.0360881497	0.0544562961	0.0829574398	-0.0047783162	0.0411896784	-0.2879730857	-0.0597587733	-0.0382112302	0.0892457157	-0.0337987869	0.0973568341	-0.0171911699	-0.1138864893	0.1362990969	-0.0534197708	-0.0626681067	0.0029891684	0.0656875828	0.0730652512	0.1312525988	0.0646796108	-0.0511216243	-0.0338934716	0.084723038	-0.0187340144	0.1064288817	0.1470353938	-0.0019597986	-0.0304917288	0.1076657208	-0.183678729	0.1229282509	-0.0006604295	-0.0226952945	-0.0147048146	0.208911603	0.0898603764	-0.0554117136	0.0922666748	-0.123847832	-0.0500249402	-0.0006092786	0.0743561057	0.0041532022	0.127172469	0.1641645454	-0.1272726183	-0.0307871343	-0.0031585745	-0.0727191806	-0.0515518408	-0.0662390754	-0.0037813992	0.0291358764	0.0375432428	-0.1388254203	0.0325839788	-0.0823935058	0.1000920707	-0.0680570928	-0.0086820491	0.0694165127	0.0381744215	-0.0488893602	0.0182461736	0.0551677104	0.0234794921	0.0280938772	-0.0844855392	-0.1078783566	-0.0416880339	-0.1310955909	-0.0397326387	-0.0306678369	5.55677e-05	0.0832266296	0.0875035199	0.0827332284	0.1464779604	-0.0434132543	0.0163196587	0.1144017065	0.1112164334	0.105973176	0.0272161	0.03440182	0.00074071609921	0.0011834852193124	-0.0151523	-0.0331749999999999	0.0011005806249999	0.00022959219529	0.0174985	0.069737	0.0048632491689999	0.00030619750225	0.0013556	-0.0004117999999999	1.83765136e-06	1.6957923999999993e-07	0.000146124	0.0	0.0	2.1352223376e-08	-0.000467351	0.0001424199999999	2.18416957201e-07	2.028345639999998e-08	0.0
1733.6335883294794	6.121408122427056	3005485.418584147	37.47163740131593	2601.9584025200857	12.020856966204065	144.5010022019368	6770187.528444876	1878.2480262227616	4.226022941322071	3527815.6480097	17.85926990058045	2034.9764629483475	1296.192397389462	0.954662	18.442829	0.07877035	0.0409388	-0.1048130668	-0.0451395088	0.1141468877	-0.0312322848	-0.0234823282	-0.1062890781	0.0024776413	-0.0300959016	0.0687602906	0.1111993307	0.1200394279	0.1235612322	-0.0371930804	-0.0253279285	-0.0382723006	0.0956475886	0.1095601191	0.050111913	0.0593451721	-0.0026314712	0.1438143866	-0.0802695045	-0.0498866678	0.1355795669	-0.1110769428	-0.1560199354	0.0107527822	-0.0432773001	-0.0563422284	0.0127804941	-0.0109956065	0.0333976728	-0.065976941	0.1270075053	0.0255806625	-0.0548258624	0.0292454126	0.0650594339	0.0209798589	-0.0195269711	0.0094851393	0.0069027939	0.0710194096	0.0014913811	0.0560216242	0.011519543	-0.0379893873	0.0903188636	-0.0188538258	0.1634121024	0.157912643	-0.0736985657	0.0643004432	0.0781946829	-0.0404985027	-0.0789946348	0.1353092136	0.0855709792	0.1955634913	0.0476301524	0.0508702671	0.0905882296	0.0230957473	0.1315742869	0.0318430636	-0.0028581695	0.0391151604	-0.0380890198	-0.1601569852	-0.0051130223	-0.002831221	0.1045752631	0.1064672181	-0.0101136656	0.0045569448	0.0093692643	-0.0219630842	0.0157036105	-0.0680858952	-0.0442028576	-0.0118355595	0.0399160429	0.0126766606	8.48052e-05	0.0320837528	-0.1465004497	-0.0570714562	0.107579384	0.1674388658	0.0021184089	-0.0035890477	-0.0797040827	0.0603153971	0.043759192	-0.0882623613	-0.0205306648	-0.0445000007	0.1754767341	-0.005724798	-0.0267989816	0.0556221636	-0.0312491567	-0.062512487	0.062110644	-0.0297877659	-0.103255928	0.039776998	-0.0319694376	-0.0470396403	0.0787542759	0.0555777439	0.0453700793	0.0662985852	-0.0916735357	0.0634820327	0.0103277587	0.1416964841	0.0102156562	-0.0926274051	0.081396809	0.0488786771	0.0577674066	-0.0323206331	0.0146199865	0.0988821302	-0.0115425343	0.1140484259	0.1098185471	0.1028845713	0.0363859	0.0091697999999999	0.0013239337188099	8.408523203999997e-05	0.010962	0.0261143	0.00068195666449	0.0001201654439999	0.00253651	-0.01496199	0.0002238611447601	6.433882980100001e-06	0.00141439	5.878999999999997e-05	2.0004990721e-06	3.4562640999999966e-09	0.000146124	0.0	0.0	2.1352223376e-08	4.43442e-05	0.0005116952	1.96640807364e-09	2.618319777030401e-07	0.0
1735.099311807391	1.4657234779115242	3010569.6218344816	2.1483453137010544	2592.164224318839	-9.794178201246725	95.9259266377765	6719315.365838488	1876.1207665291024	-2.127259693659198	3519829.130601747	4.5252338042670255	2032.414211829488	1331.4519705876576	1.040537	20.101818	0.06956603	0.0429551	-0.018576238	0.078737551	0.0149917504	-0.1200647857	0.098563661	0.1221425957	-0.101019925	0.1007100193	0.0398347031	-0.0365850895	0.1254536131	-0.0196111177	0.0455312606	-0.0139715926	-0.1250541588	0.1674800935	0.053364187	0.0233020562	-0.1752273218	0.0180032709	-0.0150677979	0.0092061295	-0.0139883624	-0.0625880949	-0.1177115173	-0.0218941749	-0.1596161207	-0.1328367492	-0.0256952428	-0.1563363778	0.0782772548	0.1140717977	-0.0833064932	-0.0344091808	0.0828368391	-0.0489826816	0.1540216428	0.0335895155	0.0687154398	-0.0312859973	0.076437581	0.0519997062	-0.1372219964	-0.0216232348	0.0247105905	0.0488880267	-0.056322247	0.0303611714	0.0413223462	-0.0962804098	0.0617420227	-0.1382791306	-0.0524883901	-0.0612388397	0.0173495897	0.0089527013	-0.0146056106	0.0544650889	0.1014652057	-0.0880928701	0.0197789771	-0.0402692761	0.0914077146	-0.0206992152	0.0449552422	-0.0622166502	-0.1875532752	-0.049359794	-0.0394582681	-0.1425559595	0.0170850291	0.0371828328	0.0674583577	0.0727543315	-0.0705751159	0.1899585704	0.1568590259	0.0813455744	-0.0331625365	-0.0222074262	0.0091219773	0.0426289573	0.0710515124	-0.007860657	-0.1681607052	-0.0898833661	0.0212459162	-0.0885068052	0.1375814243	0.112772869	0.014037387	0.0600515652	-0.0534335646	-0.0054660767	-0.0342322902	-0.0685586945	-0.0537743962	-0.0778098306	0.0502176488	-0.1050222728	-0.0343992212	-0.0113226833	-0.046136178	0.1150363861	-0.0433566799	0.0059480431	0.0009867231	0.0125702669	0.134114783	0.0178936993	0.0074770185	-0.0490475569	0.0413066506	0.0913610791	-0.0054177966	-0.1014279707	0.1633746155	-0.0403677747	0.0017360493	-0.144006183	0.0398537113	0.0159766914	0.0836623921	-0.0255144634	0.0577002989	-0.0453126136	0.1136451198	0.1082280018	0.0993899282	0.0069995	-0.0293864	4.899300025e-05	0.00086356050496	0.00759208	-0.0033699199999999	1.1356360806399997e-05	5.76396787264e-05	-0.0283292	-0.0308657099999999	0.000952692053804	0.0008025435726399	0.00129551	-0.00011888	1.6783461601e-06	1.4132454400000006e-08	0.000146124	0.0	0.0	2.1352223376e-08	4.43442e-05	0.0	1.96640807364e-09	0.0	0.0
1734.7864404637469	-0.3128713436440193	3009483.9940168774	0.097888477673614	2606.361975082584	14.197750763745262	201.5761267494292	6793122.74515639	1880.177906121356	4.057139592253634	3535068.9586668867	16.460381671031982	2038.289416342456	1325.1694769432718	1.008366	19.480303	0.0888526849999999	0.046273	-0.0343676377	0.0129343624	0.0397630379	0.1387798403	0.038493479	-0.0637402322	0.0820704563	0.0146856045	-0.0289193629	0.0372994904	-0.0599724512	-0.0135061392	0.0695750693	0.0702240388	-0.0596673027	0.1259179896	0.0087304198	-0.0262311312	0.1100010307	0.1650068587	0.0627760273	-0.0728473324	0.0291940084	0.0257727672	-0.0702500544	-0.155428463	0.1050579941	0.0452296703	-0.0116710535	0.083641167	0.0922735613	0.0065722562	-0.1616040674	-0.00646818	0.1387266513	-0.0066376279	0.0313949863	0.0764631159	0.1860582096	0.0390733495	-0.0549484004	0.0456288961	-0.0345780634	-0.0864750076	-0.0114470126	0.1276589117	0.1265184799	-0.0586263852	-0.0378651478	-0.0494587045	-0.0268861527	0.0968350649	-0.0748486276	-0.076783035	0.04559393	-0.1129358737	0.0530019369	0.0914255375	-0.1196135232	0.0167561845	-0.0325853745	0.0279372002	-0.0476972513	0.0456015126	-0.0479600155	0.0116085147	-0.015700016	-0.0161193839	-0.1198689104	0.0217739561	-0.0702474132	0.1544246854	0.045757639	-0.0291315803	-0.0568015328	-0.0371498787	-0.075388132	0.092387458	-0.1021917845	0.0202886282	0.0205553264	0.1390973608	-0.1049172272	0.0625959125	0.061395089	0.0190474651	0.1412576818	-0.0322734261	0.0885520277	0.1195172879	-0.0004816469	0.0753589835	-0.099040243	-0.0098236557	-0.0294326497	0.1021853299	0.0300380452	-0.1361272141	-0.0989869522	-0.0312203218	-0.0496406529	0.0112697635	-0.0464764702	-0.0179761589	0.0497731301	0.1009413408	0.029436374	-0.0474618937	0.021707994	0.0248022934	-0.0797602992	0.0720941524	0.044350094	0.0973593144	0.1522287902	-0.0713902825	-0.066843314	-0.0978272055	0.051922596	0.0932907137	0.1538174449	0.0237300697	-0.0393235874	0.0323539766	0.0310630809	-0.0062219787	0.1131919653	0.1064475877	0.0955030384	0.0166043	0.0096048	0.0002757027784899	9.225218304e-05	0.00464223	-0.00294985	8.701615022500003e-06	2.15502993729e-05	-0.0115035	0.0168257	0.0002831041804899	0.00013233051225	0.00061786	-0.0006776499999999	3.817509796e-07	4.592095224999999e-07	-0.000276186	-0.0004223099999999	1.7834573609999996e-07	7.6278706596e-08	-4.51425e-05	-8.94867e-05	2.03784530625e-09	8.007869476889999e-09	0.0
1733.0323526230864	-1.7540878406605316	3003401.1352383094	3.0768241527531264	2595.944931622308	-10.41704346027609	108.51479445328089	6738930.08801555	1875.9316004155296	-4.246305705826444	3519119.36943757	18.031112147334213	2032.499232640862	1316.9297175040483	1.015235	19.613022	0.1345073249999999	0.0758724	-0.0415684411	-0.0221582043	-0.1625754313	-0.0530224408	0.0779942288	0.0616927153	0.0049362183	-0.0350101902	0.1007052733	-0.0645830878	0.0365490694	0.027289013	-0.1311169796	0.0372819063	0.0378138069	-0.0316758227	-0.0467159069	0.1297669685	0.0621820027	-0.0671793584	-0.0224168876	0.0008946417	-0.0200719945	-0.0534086133	0.0305727458	0.1076874435	0.1052851717	-0.0299877941	-0.0906689078	0.008451987	0.1472264867	0.0085609789	-0.0412564387	-0.0625269553	-0.1040882913	-0.087015297	0.0703036143	0.1252119002	-0.0949359719	0.0118223954	0.0763334599	-0.1502572027	0.029057053	0.0231892206	-0.1036138231	-0.1368302288	0.0687639751	0.004648456	-0.1561197404	-0.0835825089	-0.0061491882	0.1683210085	0.1587005678	0.0260182369	0.0413846565	0.0167326489	-0.0539794087	-0.0072629387	-0.0001600308	-0.0775609425	-0.0178134994	-0.0554600219	0.0069289073	-0.0165811921	0.064690268	-0.0303559869	0.0317261724	-0.0739551898	-0.0369133743	0.0900590477	-0.0019851313	-0.0959028977	-0.1668840509	0.0147327046	-0.0115889464	0.1098133363	-0.034440546	-0.0381809331	0.0078649376	0.2239087754	0.1678021071	-0.1065803222	-0.0335466259	-0.1073528913	-0.0108739689	-0.0220538797	0.1258784717	0.138529602	-0.121820831	0.1044232907	-0.1062851348	0.1376005392	-0.057080826	-0.017674418	-0.0965667631	0.1166932977	0.0033778039	0.0532517055	0.0003220546	0.0924204796	-0.0408255863	-0.005583243	-0.0494166645	-0.045148935	0.033148993	0.0011193199	-0.0857816827	0.0886596761	0.0022892123	0.0589521374	0.1026495267	-0.0106893487	-0.0870201059	0.1326951842	-0.0486419447	0.0350256972	0.000411735	-0.0770569236	0.0626260505	0.0129422559	0.0150958169	0.069555481	-0.125191537	0.0950640902	0.0448177082	-0.0950564033	0.112689161	0.1044804285	0.0912392418	0.0069995	-0.0096048	4.899300025e-05	9.225218304e-05	0.00102454	-0.00361769	1.30876809361e-05	1.0496822116e-06	0.0297648	0.0412683	0.00170307258489	0.00088594331904	-0.000470674	-0.001088534	2.2153401427600002e-07	1.1849062691559998e-06	0.000146124	0.0004223099999999	1.7834573609999996e-07	2.1352223376e-08	4.43442e-05	8.94867e-05	1.96640807364e-09	8.007869476889999e-09	0.0
1728.559786130341	-4.472566492745273	2987918.9342269707	20.00385103202775	2594.978365699328	-0.966565922979953	0.9342496834660884	6733912.718447556	1873.2742230132533	-2.657377402276325	3509156.314605908	7.061654658128867	2029.748530834681	1320.3432466280276	1.033395	19.963835	0.150196685	0.0894106999999999	0.0179953935	0.1193740932	0.0333181082	-0.0111044729	0.0234654457	-0.0009494079	-0.1475530746	0.089294871	-0.1059906843	-0.103612789	-0.1727725213	0.028678977	0.0106438802	-0.0641259198	-0.0223880726	-0.1251327931	-0.0944239556	-0.1108191334	0.1558642042	0.1890379663	-0.1066672233	0.1000937813	0.0159609314	-0.0971992705	0.0249995559	0.059306954	0.0152591609	0.1435908804	0.0463413977	-0.0132465187	-0.0462098431	0.0428605212	0.1045358051	0.0397053665	0.0346161736	-0.1686341311	0.0601093143	0.0432267854	-0.0150272076	-0.0211373347	0.0946079064	-0.0233174059	0.0054996724	-0.0014735737	0.029308779	0.0737018968	-0.0556723834	0.1348824781	-0.122656808	0.0440129262	0.1295547951	0.089057006	-0.1166624446	0.1145901112	0.0970599458	-0.1376536921	0.0171352805	-0.163922994	0.1648455362	0.0450682	0.0161796159	-0.0340234898	0.109456911	-0.0157024361	0.0075796552	-0.0378244576	-0.0086046789	0.0643024188	0.2958985911	0.0478776507	-0.040500674	0.0650560969	-0.0035116158	-0.009019889	0.1471453548	-0.1102507645	0.0548407863	0.0666867836	-0.1643479454	0.0713221338	0.0251800892	-0.0906009215	-0.0737315791	0.041605977	0.0100632692	-0.0597912172	0.0590917426	-0.0747026668	0.0342121468	0.0389699422	-0.1188396039	-0.0538750663	0.0228602523	-0.0417170153	-0.0725366505	-0.0563844037	-0.1073804326	0.1417456097	-0.0153004066	-0.0733267694	0.0520052473	-0.1254886357	-0.0054622257	0.0248403661	-0.0410776294	-0.0476403464	0.1356245493	0.0023821575	0.0380047489	-0.0623794928	0.0731778579	0.0043842281	-0.0677053264	0.0695743006	0.0079367211	-0.0842032679	0.1095195067	0.0531202524	0.0186801358	-0.0453963628	-0.1455531647	0.1115429369	-0.0855101886	-0.0664879901	-0.1070479203	-0.0054169534	0.1121369276	0.102329975	0.0866153656	0.00698221	-1.7289999999999667e-05	4.87512564841e-05	2.989440999999885e-10	0.000996435	-2.8105000000000057e-05	7.898910250000032e-10	9.928827092249998e-07	-0.0153448	-0.0451096	0.00203487601216	0.00023546288704	0.0007455199999999	0.0012161939999999	5.558000703998509e-07	1.4791278456357563e-06	-0.000653119	-0.0007992429999999	6.387893730489999e-07	4.2656442816100005e-07	0.000129741	8.539680000000001e-05	1.6832727081000002e-08	7.292613450240002e-09	0.0
1729.955136615628	1.3953504852868264	2992744.774702796	1.9470029767901815	2597.407503331785	2.4291376324567864	5.900709637417761	6746525.738364256	1874.6355150011348	1.3612919878814864	3514258.31410357	1.853115876270329	2033.1558064622632	1313.6358895589292	0.99524	19.226734	0.0846484099999999	0.0409364	-0.0051549607	-0.0141238497	0.0668200768	0.0125210732	-0.0799013255	-0.0792963218	-0.005392806	-0.0081386663	0.0727791542	0.1652102897	-0.02838757	0.0741162508	0.0802215801	0.0027297457	0.0266660187	0.041091865	0.0396379836	-0.0149482508	0.1321618905	-0.0755969042	-0.0037917368	0.0308221193	-0.0247885241	0.1220533985	-0.1463903143	0.0808646556	0.018014001	0.0741100751	0.0955271352	0.0699842169	-0.0385997285	-0.0785441792	0.0693713533	0.078666192	-0.0036698289	-0.0215081158	-0.0019146277	0.0684425855	0.1288789512	-0.0705178762	-0.0643874958	-0.0336031375	0.1287863869	-0.0394540703	0.1185812545	-0.043204171	-0.0201863615	0.0172059677	0.1010886528	-0.0542887325	-0.0228968204	0.1743294436	0.0979051397	-0.0417577859	-0.1035777771	-0.0049447162	0.1015613639	0.0960252231	0.0344472278	-0.0294275214	0.0319939879	0.0351620343	0.0192818432	0.0348885892	-0.0346487851	0.0392129129	0.1146098835	0.1278886065	-0.0195850322	0.0097579847	-0.0784619774	0.0935094453	0.0493311527	0.0362541265	-0.0299144141	-0.0991040839	-0.0252513171	-0.0699983532	-0.0673387298	-0.125885322	-0.1282942256	-0.0345179632	0.0473656802	-0.0096581595	0.0289957102	-0.0578809187	0.1212856172	0.1816426008	0.1035549173	-0.0433385403	-0.0100143749	-0.1268142521	0.0255468716	0.0268615945	0.0058065143	0.1112569583	0.0985731962	-0.1317554148	0.0222557391	-0.0228349209	0.0249302038	-0.0645616327	-0.0102093739	0.016955301	0.0265313323	-0.0659578752	-0.0183962675	-0.1003463155	0.0148374072	0.0010853057	-0.0139759728	0.0654032366	0.0690693224	-0.0465866307	0.0303220612	0.0702954303	-0.0820131172	0.0010347415	-0.080632667	-0.0037739206	-0.0337070333	-0.0224407983	-0.0251023574	-0.1170865005	-0.1150821221	-0.0770126419	0.1115355072	0.1	0.0816496581	0.0222184	0.01523619	0.00049365729856	0.0002321414857161	0.00375437	0.002757935	7.606205464224999e-06	1.40952940969e-05	0.00422405	0.01956885	0.0003829398903224	1.78425984025e-05	0.000960205	0.0002146850000001	9.21993642025e-07	4.6089649225042944e-08	-4.59743e-05	0.0006071447	3.686246867380901e-07	2.11363626049e-09	0.00024962	0.0001198789999999	6.231014439999999e-08	1.4370974640999996e-08	0.0
1734.1840608757495	4.22892426012163	3007394.3569955053	17.883800397845278	2595.024462891381	-2.3830404404038745	5.678881740600292	6734151.963004701	1876.1208503421788	1.4853353410439922	3519829.44508866	2.206221075354273	2030.7913558977289	1316.597660373072	0.978382	18.901056	0.0875126849999999	0.0416672	0.0210483619	0.0488956938	-0.0637537232	-0.0374662083	-0.0512281568	0.0734033896	-0.0675015438	0.0513292481	-0.0562213802	-0.0973497457	-0.0711655444	0.0616932413	0.1010914997	-0.0719255885	0.0696319306	-0.0261690703	-0.0678073449	0.2813046123	0.0220630758	0.0953785232	0.1281170331	-0.0024718163	-0.0188742717	0.0336602914	-0.0293939201	-0.0573918513	-0.0054155491	-0.0445681931	0.0332067495	0.0491068372	-0.0758549179	0.1597765958	-0.0608260161	0.0502948553	-0.0797301492	0.0918663441	-0.0361585385	-0.1825054312	0.1060021702	-0.0558022096	-0.0338174018	-0.0926478038	-0.1089645111	-0.1035920023	-0.0552142043	-0.0298541021	-0.0423498266	0.1484181061	-0.0765210272	0.1269645633	-0.1699187408	0.0699672969	-0.0851683439	-0.0213202765	-0.0741628916	-0.0556493121	0.0165390089	0.1351504256	-0.0319988886	0.1048476243	0.1567674216	0.0498669753	0.0979789909	0.0143960108	0.0413211499	-0.0520258021	-0.0965499657	-0.0773405548	-0.0810002844	0.0923375982	0.0570859556	0.0699522304	-0.0985423366	0.0842370176	0.0171034935	-0.0934191461	0.0385188838	-0.0321034092	-0.0386707857	-0.108313983	-0.0876574052	0.0172326931	-0.0159225968	0.0608699899	0.0481539408	0.1265871553	-0.0372127645	0.0904320155	0.0126734535	0.065777464	-0.0900925061	0.0508533561	0.064461379	0.0647391797	0.0074258773	-0.1374518133	-0.1198824977	0.0576424896	-0.0484230463	-0.1284929552	-0.0119889626	0.2322828276	-0.00254844	-0.0195721172	0.0438917621	-0.0464537509	-0.019388156	0.0585978208	0.1270412519	0.0123286377	-0.013911207	-0.0630061524	0.0559770839	-0.0049077074	0.0378154904	0.0394735972	0.0419151376	-0.0716044371	0.0078741433	-0.0556298085	-0.0186484714	0.0739738968	0.183322885	-0.002727614	-0.0499617399	-0.060847825	0.1108851636	0.097494591	0.0763617167	0.035981	0.0137626	0.0012946323609999	0.00018940915876	0.00100489	-0.00274948	7.5596402704e-06	1.0098039121e-06	-0.0141954	-0.01841945	0.0003392761383025	0.00020150938116	0.000305956	-0.000654249	9.360907393600001e-08	4.2804175400100005e-07	0.000146124	0.0001920983	3.690175686289e-08	2.1352223376e-08	4.43442e-05	-0.0002052758	1.96640807364e-09	4.213815406564e-08	0.0
1733.514688359113	-0.6693725166364857	3005073.174756793	0.4480595660282623	2599.444630443018	4.420167551636951	19.537881184544197	6757112.386739039	1877.71614843954	1.5952980973611377	3525817.93411062	2.544976019444065	2035.9133874452043	1332.2204066997938	0.966388	18.66935	0.09494141	0.0424367	0.0268206169	0.0278051817	0.0818788409	0.0966266191	0.0092766825	-0.0034295352	-0.0452979021	0.0296277191	-0.0717425435	0.0135958297	-0.0272454507	-0.0493160456	0.0928313229	-0.135016659	0.0711771639	0.0413584918	0.0286201876	-0.0581039879	0.0466390135	0.1140306812	-0.0033969588	0.0372929653	0.1190689474	-0.0238779345	0.0370912647	0.0508030565	0.0491514146	0.02079109	0.1120144429	0.0884658118	-0.0274025595	-0.0106366951	-0.0008477534	-0.0387810023	0.0592417484	0.0040753208	-0.202223897	-0.1141545397	0.1188527481	0.0038836029	0.0167909944	0.0976071075	-0.1091015224	-0.1521966661	-0.0466182075	0.0434133604	0.0435985549	-0.1142718394	-0.0501710271	0.1829626275	-0.052982591	-0.0667991015	0.0067406229	0.0441900731	0.1558148635	0.0366647951	0.0693938844	-0.033995108	-0.00453423	-0.0405873359	0.0245341631	0.0618667692	-0.0128131133	-0.0455366114	-0.0849100493	0.0101299298	-0.0983075099	0.0911802245	0.0432130428	-0.0259349452	-0.069437303	0.0271178508	0.0011940444	-0.0169738448	-0.0180759684	-0.1619202389	-0.0209937037	-0.0406943835	0.0108936151	-0.0120746051	-0.162489694	0.0395523158	0.0159443757	0.123523898	0.1339704766	0.0545940038	-0.0565420908	-0.1260201582	-0.0878570466	0.1204563284	-0.0653217579	-0.0363841828	0.008731588	0.0472519847	-0.0862334837	0.0406383543	0.0212257746	-0.05236039	0.126327722	-0.0169772185	-0.1814044733	-0.0220671039	-0.007377917	0.0119147294	0.0744409089	0.068158436	0.1179028373	-0.1090233117	0.0324703462	0.0192591424	-0.1178626081	0.0049110009	0.0252702776	0.1145204933	0.0198965124	-0.0296642277	0.1086804962	-0.0365153377	0.068365651	-0.0841705479	-0.0202206662	0.0266708271	0.0147572699	-0.1722690101	-0.0288142075	-0.0763450758	0.1101861821	0.0948181434	0.0707724105	0.0146565	-0.0213245	0.0002148129922499	0.00045473430025	0.00306431	0.00205942	4.2412107364e-06	9.3899957761e-06	-0.0357218	-0.0215263999999999	0.0004633858969599	0.0012760469952399	0.000622357	0.000316401	3.873282354490001e-07	1.00109592801e-07	-0.000293218	-0.000439342	1.93021392964e-07	8.597679552399999e-08	0.000289223	0.0002448788	8.364994372900002e-08	5.996562668944002e-08	0.0
1732.782277952758	-0.7324104063550294	3002534.422787149	0.5364250033371393	2608.464007040228	9.019376597209884	81.34915420229736	6804084.476024362	1878.9468596542945	1.2307112147545922	3530441.301404735	1.514650094122724	2039.048935590735	1320.4729481585389	1.031692	19.930948	0.141046915	0.0820183	0.0287760175	-0.1081796499	-0.178605013	0.0319515333	0.0152207433	-0.0058000047	0.1111642787	0.0363197419	-0.0080330979	-0.1276943341	0.0050443541	-0.0601258885	-0.055913134	0.0409855618	-0.0321550749	0.0012917232	-0.0274126922	0.0238922145	0.0131501883	-0.0043972154	0.0093591886	-0.0733281202	0.002889438	-0.0190861812	0.0561372114	0.0673804809	0.0459499961	0.0624134534	0.0049912939	0.0943486402	-0.0565406264	-0.0725517235	-0.0621511471	-0.0722611826	-0.0424484534	0.0548162008	0.0353496528	-0.1055856055	0.0754875391	0.0581056981	0.0852425522	0.0437145211	-0.1505941633	0.0757840973	-0.0091477667	0.0235162314	-0.12196578	0.0301967452	-0.0379368807	0.1130638869	0.0170798408	0.0932000873	-0.0090185774	-0.0037289158	-0.1637762567	-0.0218687543	0.0648552314	-0.070326232	-0.0797744976	-0.1546230235	-0.1244757818	0.0276954921	-0.0994800555	0.0078985918	-0.0398989247	0.020215308	-0.0083907515	-0.0860224583	0.0179760578	0.0386781748	-0.0996509924	-0.073482849	-0.0005831828	0.0601866897	-0.0184298982	-0.1297986242	-0.0266417474	0.0990133828	0.0726119733	-0.069212824	-0.039195346	-0.0102688712	-0.0721708196	-0.0066690521	0.0442561826	0.0846459435	0.0581828501	-0.0378642237	-0.0990450914	0.0514921474	0.0214086715	0.0955770586	-0.0527202168	0.0780687704	-0.0519987157	-0.1491965307	0.0898251708	0.0549707753	0.0211798727	-0.0650537904	0.0618958295	0.0356616497	-0.0029641765	-0.1052257715	0.1339173525	0.0396127106	-0.0396431089	0.0673215724	-0.0570662953	0.0999942919	0.0240657304	-0.0078206867	-0.0708962735	0.0031548311	-0.0533082101	-0.0739937183	0.0283469853	0.1010622746	-0.083371324	-0.0535256797	0.0213534373	-0.0174133895	-0.0708966907	-0.0209656569	-0.1039621411	-0.1411435728	0.1094388693	0.0919753525	0.0649037979	0.0215224	0.0068659	0.00046321370176	4.7140582810000014e-05	-0.00293648	-0.00600079	3.600948062410001e-05	8.6229147904e-06	0.00420886	0.03993066	0.0015944576080356	1.77145024996e-05	-0.000679439	-0.001301796	4.61637354721e-07	1.694672825616e-06	-7.49015e-05	0.0002183164999999	4.766209417225e-08	5.6102347022500006e-09	4.43442e-05	-0.0002448788	1.96640807364e-09	5.996562668944002e-08	0.0
1731.9972216846088	-0.7850562681492192	2999814.375923204	0.6163133441603789	2598.466816805177	-9.997190235050766	99.9438125957944	6752029.79803763	1876.361729123928	-2.5851305303665413	3520733.3385209367	6.682899859033195	2034.035420634416	1316.8993376478948	0.990746	19.139912	0.053573256	0.0304738	0.0241675989	0.0811037343	-0.0595831113	0.0726565806	-0.0069848041	-0.0124839862	-0.0733811275	0.01843536	0.1293432125	-0.059835232	0.022045542	-0.0351260211	-0.0263963097	-0.0407257307	-0.0807244421	0.0698234371	0.0386616075	-0.157039543	-0.0876113489	-0.2499248856	-0.0728965623	-0.0003275093	0.0110738325	-0.002504805	0.0689962776	0.0290708425	-0.1168283709	-0.0213947207	-0.0232721036	-0.0450627268	0.0148808178	0.0005176514	0.0657164783	-0.0636400207	0.0633945511	0.025379084	0.0509935885	-0.020650439	-0.1347982784	-0.1095925141	-0.112542301	-0.0044494956	0.1124268984	-0.020626657	-0.0195058817	0.0999048807	0.03208545	0.0058625683	0.0113081132	-0.1459470522	0.0756720698	0.0425663462	-0.0572728426	0.008250165	0.0976127462	-0.0500627003	-0.0117150829	-0.0027591339	-0.1135125793	-0.0145462026	-0.2226114291	0.0056084074	0.0127383866	0.0523838695	0.0140481007	-0.018601327	0.0296686411	0.0329517208	0.1767911616	-0.035396818	0.0450493553	-0.0913490297	0.035668902	0.0178172425	-0.023921719	0.1268934905	0.0015302813	-0.024185184	0.0882327032	0.0696121751	0.0556127429	0.0176205609	0.0191797481	-0.0088947424	-0.0959920342	-0.0743368167	-0.0023419579	-0.0494469467	-0.0190042872	-0.0834411981	-0.0896459239	0.0270441811	0.1417272936	-0.0963756238	0.0536440747	0.0202718306	-0.0294147524	-0.2008407293	-0.0164238468	-0.0514602349	0.0042508282	-0.0988108336	-0.0005148509	-0.1206070869	0.0258295384	-0.0513252846	0.0775586721	0.0410807495	0.0252806585	-0.1072077465	0.0754949978	-0.0098921911	0.003998246	0.0832208956	-0.0938492504	-0.0848199711	0.0003380652	0.1305425284	-0.0280768962	0.0038320896	-0.0177656175	0.0108375277	-0.0101584496	0.0767491535	-0.0886526393	-0.1106496822	0.108643553	0.0889712056	0.0587790397	0.00699457	-0.01452783	4.89240094849e-05	0.0002110578445089	0.000984956	0.003921436	1.5377660302096002e-05	9.701383219359998e-07	0.0269508	0.02274194	0.0005171958349636	0.00072634562064	-0.00092708	-0.000247641	8.594773264000001e-07	6.132606488100002e-08	-7.49015e-05	0.0	0.0	5.6102347022500006e-09	4.43442e-05	0.0	1.96640807364e-09	0.0	0.0
1726.2255591585313	-5.771662526077535	2979854.681092184	33.312088314927706	2598.444505764223	-0.0223110409542641	0.0004977825484628	6751913.849536276	1872.972076872611	-3.3896522513168748	3508024.400744502	11.489742384857555	2031.5117316613407	1308.1616819128064	1.043367	20.15649	0.075303374	0.0527608	0.0533286812	-0.0912297116	0.1473974156	0.079288379	-0.0733122987	-0.0100981181	0.040792026	0.0688515244	-0.0631732156	0.1405852603	-0.0348055471	0.0269874555	0.0887575358	0.0665921013	0.0364470479	0.0092159709	-0.1012170649	-0.0283410786	0.0062764247	-0.045668925	0.0046337785	0.1001971369	0.0246413871	0.0353068154	0.0248394084	0.007417465	0.0674179166	-0.0199717564	-0.0288723545	0.0449653291	0.0924316875	0.1021414659	0.0153974855	0.0250608984	-0.0313651821	0.1048360076	-0.1795388415	-0.1856083002	-0.1048955211	0.0424340266	-0.1294688918	0.0198832821	0.0343120549	0.1303830348	0.1108490621	0.0436270993	-0.0668828805	0.1200185926	0.1310419213	0.0771293677	0.0769364656	0.0363041969	0.1013361254	-0.0083638468	-0.0506374044	0.121245528	-0.102738912	-0.130048068	-0.0487405914	0.0151578081	0.2843693171	0.0008710559	0.031849489	-0.0737253904	-0.0991858136	0.0788049567	0.0612648253	0.0230262035	-0.0058760008	-0.0372564712	-0.0590012816	0.1041236114	-0.028126485	0.0362417414	0.015550622	-0.0219140988	-0.013441784	-0.1245287372	0.0406709238	-0.0099975547	0.101986415	0.1453641973	0.0219138576	0.0419520745	0.0441920419	0.2012124808	-0.1919747094	0.072600055	0.05801104	-0.1021752683	-0.0447025587	-0.0406388538	-0.0839736038	-0.0091254464	0.141153299	-0.2191296918	-0.0580571329	0.0963984936	-0.0416476587	-0.019078198	0.0233382128	-0.1103622193	0.0189646044	-0.0016968833	0.0774755283	-0.0242649524	-0.0021789688	-0.1752228072	-0.0138775117	-0.0579359701	-0.0895977586	-0.019818882	-0.0281827197	0.0104479271	0.0266532272	0.0365672878	0.0017380288	0.0037140229	-0.0390838444	-0.0026449168	-0.1279981153	-0.0554455102	0.0553476613	0.0724414196	-0.1088084104	-0.0279156697	0.1078005821	0.085810973	0.0524223074	-0.00843892	-0.01543349	7.121537076640002e-05	0.0002381926135801	0.00100532	2.0364000000000142e-05	4.146924960000059e-10	1.0106683024000002e-06	0.0205012	-0.0064496	4.159734016e-05	0.00042029920144	4.64856e-05	0.0009735656	2.16091100736e-09	9.4782997750336e-07	-7.49015e-05	0.0	0.0	5.6102347022500006e-09	0.000138777	9.44328e-05	1.9259055729e-08	8.917553715840002e-09	0.0
1726.774013982612	0.5484548240806362	2981748.495365621	0.3008026940573216	2601.619127186571	3.174621422348082	10.07822117523136	6768422.082943015	1871.16908997178	-1.802986900831001	3501273.76326582	3.25076176456818	2033.239519261155	1312.1248515764237	1.04167	20.123701	0.0713317199999999	0.0380622	0.0127726322	-0.0390058495	-0.1552860901	-0.0814919502	-0.0446113788	-0.0066282588	0.0446448734	0.1003478056	0.0281764125	0.0878130776	-0.019699632	-0.1612415127	-0.0173742792	0.0024060143	0.0363991857	-0.1196553001	0.0682052086	0.1293133986	-0.0670350367	0.0291190649	-0.0987054643	0.0866863182	-0.0703081385	-0.0227923097	0.0665639754	0.0106001095	0.0120464481	-0.075156398	-0.0542189751	-0.0533874948	-0.0465138932	0.0322984396	0.0086114641	-0.1175427608	0.0529804217	-0.0059852359	-0.0733724637	-0.0744022436	-0.0078769228	0.0643433569	-0.0274046645	-0.0570983643	0.0949791516	0.0825246067	0.0655801051	0.0340821641	0.1234487089	-0.0189858336	0.0729027908	0.0021097068	0.0966476544	0.061323058	-0.0173029846	-0.0370553708	-0.183390591	0.0712985336	-0.0906764584	-0.0591948955	-0.0351867041	-0.0321612574	-0.017498647	0.0998010485	-0.0274824533	-0.1104447051	-0.0480867308	0.157286683	-0.0046584773	-0.0250330925	-0.0233769047	-0.0637259466	-0.0247263875	-0.0886164748	-0.0237604862	0.0491775336	0.0565370124	0.061968784	0.0086465899	0.048410055	0.1515548042	-0.027569534	-0.0940971783	0.1246935364	0.0778829568	-0.024288719	0.0288385486	0.0166096593	0.0193008087	0.0782873477	0.0128042335	-0.0730702519	0.0646187934	0.0203757566	-0.1149113187	-0.0137486939	0.0981276189	-0.1011632601	0.0263247258	-0.0935663653	0.0450191332	0.0861878232	0.0945827432	-0.0614381486	0.0027368069	-0.003925662	0.1080669409	-0.0092664648	-0.1054737549	0.0577116153	0.046477952	0.0609199465	-0.017414733	-0.0558026732	-0.0693859053	-0.0718742414	-0.0397579117	0.0346779532	0.0055845581	0.0701911182	-0.1428641134	-0.0781458255	0.0437801809	-0.0048800715	-0.1651297289	-0.0003159655	-0.0377025605	0.0151629685	0.1069103263	0.0825001988	0.0458586883	0.013426	0.02186492	0.000180257476	0.0004780747266064	0.00103796	3.264000000000001e-05	1.065369600000001e-09	1.0773609616000002e-06	0.0446356	0.0241343999999999	0.0005824692633599	0.0019923367873599	0.000458048	0.0004115624	2.09807970304e-07	1.6938360909376e-07	-7.49015e-05	0.0	0.0	5.6102347022500006e-09	4.43442e-05	-9.44328e-05	1.96640807364e-09	8.917553715840002e-09	0.0
1728.744582177345	1.970568194733005	2988557.8304075226	3.883139010093294	2596.011680356401	-5.60744683016992	31.44345995318268	6739276.644546865	1873.2712895555767	2.1021995837966188	3509145.3242732133	4.419243090114677	2031.401810167889	1304.4758704870412	0.993104	19.185476	0.04653873	0.0318218	-0.0435445939	0.118262867	-0.0419164117	0.067265613	-0.0630625529	0.0030834064	-0.0404184919	0.0229013819	0.1609028684	0.0392363213	0.0986540818	-0.0565673806	-0.0211431295	-0.0750302843	-0.0696341535	0.0116876091	-0.0694275092	-0.0033244771	-0.1193587743	-0.0599989445	-0.02891427	0.0235116059	-0.0449148393	0.0693529745	0.0433747495	0.0194540177	0.0889994701	-0.0824050293	-0.0136439493	-0.0725298957	0.0580309466	0.0806678511	0.0753405501	0.0239865127	-0.0525492281	-0.0105994785	-0.0107246145	0.0521535047	-0.0921392919	-0.0696350993	-0.0052000829	0.0636064222	-0.131944551	0.0032203623	-0.0376517858	0.194438373	0.0691765582	-0.0962817938	-0.0314292091	0.110859546	-0.0175225805	-0.0775431251	-0.0497744058	-0.0146016455	0.0260368326	-0.0941179533	-0.1600240303	0.0353826255	0.0185581717	0.0308053671	0.0604877917	-0.1080991722	0.0430435436	0.0287878099	0.0284143006	0.0544861527	-0.0303203551	-0.0068231662	0.0164625836	-0.1578358107	0.0444560561	0.0116645863	-0.1247108383	0.0658666512	-0.0716890607	0.0234954263	-0.1063649999	-0.0260429031	0.0714121615	0.010867195	-0.004768744	-0.0657675763	-0.0247084501	-0.0802301972	0.0276811441	0.0477036465	-0.1394167888	-0.0422311173	0.0252624312	0.1296400927	0.0716177258	-0.0594416711	0.0867920141	-0.0412964996	-0.0129002693	-0.0115115267	-0.0821378879	-0.0127733156	0.0556033806	-0.0417752987	-0.0312018332	0.0556079735	-0.0423371933	-0.0562513646	0.062189345	0.0463969133	0.0953122305	0.0587030631	0.0885569754	-0.0587318829	-0.054363567	-0.0017838021	-0.0006089534	-0.0239185224	-0.1099753592	0.0437165333	0.0060908304	0.1049565383	-0.1203904449	-0.0059522466	0.0659391019	-0.0188800586	0.0866958113	0.036009321	-0.050231851	-0.0248642087	0.105973176	0.0790446912	0.0391140859	0.00699457	-0.00643143	4.89240094849e-05	4.13632918449e-05	0.00101302	-2.4940000000000205e-05	6.220036000000103e-10	1.0262095203999997e-06	0.0576398	0.0130042	0.00016910921764	0.0033223465440399	-8.35152e-05	-0.0005415632	6.9747886310400005e-09	2.9329069959424e-07	-7.49015e-05	0.0	0.0	5.6102347022500006e-09	4.43442e-05	0.0	1.96640807364e-09	0.0	0.0
1730.6755590212974	1.9309768439525212	2995237.890593681	3.72867157188084	2597.593182821377	1.5815024649759837	2.501150046725112	6747490.343440092	1874.8877085482063	1.616418992629633	3515203.919665144	2.612810359733798	2033.169516370878	1312.15780728073	0.957828	18.503986	0.083644982	0.0616721	0.0463050874	-0.0012615065	-0.0031190961	0.1349593785	-0.036642042	0.0020158586	0.025036127	-0.0238674268	0.0420075657	0.0957881138	-0.1122971528	-0.0268886181	0.004988409	-0.0675190561	-0.0695233404	0.1234089185	0.0597395045	0.0308982655	-0.0799830026	0.0127892048	0.0491709003	0.0175561361	-0.0110306531	0.0792120583	0.0201971572	0.0936546455	0.0992867002	0.0666069216	0.1304401443	-0.0492593913	0.0177644757	-0.0861662806	0.1104001933	0.035026334	-0.0468703292	-0.1158977503	0.0176970212	-0.0488244316	0.1291847776	0.0450323772	-0.0568688039	-0.0752765505	-0.0221996899	-0.0926142106	-0.0339037464	-0.0722480774	0.0161244692	0.0777106091	-0.1731235718	-0.2343113425	0.0448550509	-0.0962176959	-0.0197515014	0.0585065469	0.0698350536	0.1153816905	-0.1450852169	0.1780313167	-0.0038084542	0.0561147672	-0.0100686276	0.2472419455	-0.0307203507	-0.0054648029	-0.0009440492	0.0583534374	0.0488516885	0.0507940561	0.0346512754	0.0158330546	-0.1244071722	0.0758739928	-0.1323127459	-0.0242838007	-0.0250383847	-0.0336314568	0.0408486036	-0.0247215893	-0.0436830188	0.0320737499	-0.1657821048	-0.0052755608	0.0660762143	0.0744346859	-0.0451674796	0.0505566295	-0.0357778055	-0.0070714602	0.0596999996	-0.0043996385	-0.061219564	0.1844143843	0.1919898938	-0.0037041844	-0.1089253136	0.1449208435	0.0973359228	0.0517216609	-0.0314386821	0.0531457251	0.1724784119	0.1137503736	0.0390932783	-0.0736297714	0.1071978314	0.0034323912	0.0498437194	-0.0110867722	-0.0895179647	-0.0169968326	-0.0246696156	0.093640904	0.0713570405	-0.0196628021	-0.0152150468	0.0764452327	-0.0576658806	-0.0311336232	0.1157533083	0.0214206465	-0.0541983077	0.0346167003	-0.0687221357	0.1121824452	-0.054315558	-0.1200692892	0.1049895425	0.0754505123	0.032215118	-0.00183236	-0.00882693	3.3575431695999994e-06	7.791469322490001e-05	0.000999388	-1.3631999999999969e-05	1.8583142399999908e-10	9.987763745439998e-07	-0.00244168	-0.06008148	0.0036097842389904	5.961801222399999e-06	-0.000377974	-0.0002944588	1.42864344676e-07	8.670598489744e-08	-7.49015e-05	0.0	0.0	5.6102347022500006e-09	4.43442e-05	0.0	1.96640807364e-09	0.0	0.0
1733.3084786662205	2.6329196449230494	3004358.282216208	6.932265856621717	2599.835903409169	2.242720587792064	5.029795634906382	6759146.72465537	1880.0809343918893	5.193225843682967	3534704.31986388	26.969594663496665	2035.6645744040536	1310.9202637638468	0.944163	18.239998	0.140886794	0.0773762	0.008988432	-0.0370142035	-0.1596712143	0.0823291153	-0.0276754598	-0.0559855857	0.0298668233	-0.0395671734	0.0620208277	0.0449614119	-0.0672011925	0.0996177302	-0.0886213031	-0.0106744156	-0.0047855475	-0.0738926154	-0.0490289683	0.1038779528	0.0449599003	-0.1667306787	0.041318414	-0.0919372304	0.0671181584	0.0367590792	-0.0894034582	0.0642295585	0.0746739291	0.1180920106	-0.0072945544	-0.2152244965	-0.0089455711	-0.1337507938	-0.0467565682	0.0339758942	-0.0775878088	-0.1159005937	0.0067728071	0.0016692615	-0.023508231	0.0258273139	0.0913731288	0.0461133026	0.0737467484	0.0947227522	0.0181650841	-0.0546544876	0.0654946211	-0.0437899563	0.0338125901	0.073641413	0.0306996477	0.0040049101	0.0394201843	0.0053581052	-0.0108100857	-0.0333484681	0.0285025439	-0.0334973238	-0.1098324533	-0.1097104855	-0.0451716738	-0.033038375	-0.042616206	0.0634964653	0.0201837716	-0.1067107385	0.0763026425	0.0130606218	-0.0070861096	7.94125e-05	-0.1706396387	-0.03202752	-0.1476856335	-0.126884678	0.026657521	0.0340196826	-0.0756695708	0.0136552316	-0.0420463252	-0.0380493746	-0.0041125275	-0.0709700145	-0.0160117023	-0.0851308684	0.0892474115	-0.1050581268	-0.0371388221	0.0538571349	-0.0499096512	-0.0402129816	0.1603914952	0.0807505836	0.0071715966	0.1634913643	-0.0230644356	-0.0101721899	-0.0475534401	-0.0137025563	-0.0348799894	0.0533279293	0.0299222596	0.0046303169	0.006842636	-0.1481385548	0.0903478512	-0.0550868271	-0.0617365416	0.0635274744	-0.0551861927	-0.0778692197	0.0864455636	-0.0013840976	-0.108762216	-0.0115894797	0.0339155312	0.0612065079	-0.035686314	0.0141876971	0.1177164684	0.0487418243	0.0944439534	0.0702280368	0.0274120636	0.0485468437	-0.0286848807	-0.0193987347	0.103959857	0.0717239676	0.0251890118	-0.00477053	-0.00293817	2.27579564809e-05	8.632842948900002e-06	0.000976879	-2.2508999999999984e-05	5.066550809999992e-10	9.54292580641e-07	0.0502232	0.05266488	0.0027735895854144	0.00252236981824	-0.00119769	-0.000819716	1.4344613360999998e-06	6.71934320656e-07	0.000482876	0.0005577774999999	3.1111573950625e-07	2.3316923137600002e-07	-0.000283387	-0.0003277312	8.030819176900002e-08	1.0740773945344e-07	0.0
1732.7581153500132	-0.5503633162072674	3002450.6863113297	0.3028997798266606	2604.684406069368	4.848502660198847	23.50797804595529	6784380.855220936	1876.912464849354	-3.1684695425353766	3522800.400706877	10.03919924197434	2034.5143954276125	1318.8616036185583	0.997981	19.279694	0.055297311	0.037604	0.0442988472	0.0834880464	0.0662621385	0.0823939568	-0.0808170006	-0.0563622677	0.0132309624	-0.046996162	-0.1540700053	0.0503634579	0.0783768147	0.0775603263	-0.0258586187	-0.0752017049	0.0911083687	0.1260962353	-0.0190914807	-0.0157358292	0.0145428854	-0.0588968945	-0.1447280566	0.0337472329	0.1263141901	0.0656017535	-0.0386820971	-0.0054810054	-0.0031498127	0.0649145777	0.1445535559	-0.0399148147	-0.1144113478	0.0137091579	0.0418262044	-0.0084804857	0.0540727273	-0.0195871968	-0.05501784	-0.0728955602	0.0705701011	0.1724986443	-0.043357297	-0.1187135267	-0.0900507494	-0.0499976491	0.0111383569	0.076780597	-0.0725536908	-0.0307594046	0.0450219502	-0.0903041551	0.0427416689	0.0314271167	-0.0235232925	-0.0881970508	-0.0607271595	0.038323423	-0.0790994416	0.0206950987	-0.0264666887	-0.1279079015	0.0791501408	0.1339781313	0.0406625185	0.0391910922	-0.0940666151	-0.0919571589	0.0193415906	0.1348603917	-0.0120261929	0.0663073914	-0.0170024827	-0.016729218	-0.0179430123	0.0234696692	0.000902676	0.0576655418	-0.1446380046	-0.0633246634	-0.0237298509	-0.0544360382	-0.135390679	0.0876150239	-0.1308057353	0.0290994565	-0.0608757427	0.1042148411	-0.0095682722	-0.0245956651	-0.0377867234	-0.0987069455	0.0343892321	0.0797465815	0.0207552993	0.0051138378	-0.0744845912	-0.0044273165	0.047222127	-0.1005722574	0.0314122395	0.0891302036	0.1269245017	-0.0373353155	0.0204284566	-0.0434980926	0.0552568328	-0.0601923414	0.0936671991	-0.0847138808	0.0608820784	-0.1593638205	-0.051635572	-0.1129662927	-0.004690831	-0.0021038855	-0.0157427733	0.0866367353	-0.0193019326	0.1132090397	0.0015234569	-0.0684021029	-0.0747594847	0.0174202072	0.0362798339	-0.111457667	0.18445379	0.0001949682	0.1028845713	0.0678715947	0.0180634961	-0.00265741	0.00211312	7.061827908099999e-06	4.465276134400002e-06	0.00102322	4.634100000000009e-05	2.147488281000008e-09	1.0469791684e-06	0.0461664	-0.0040567999999999	1.6457626239999993e-05	0.00213133648896	-0.000503506	0.0006941839999999	2.53518292036e-07	4.818914258559999e-07	0.000284692	-0.0001981839999999	3.927689785599998e-08	8.104953486400001e-08	-0.00037264	-8.925299999999997e-05	1.3886056959999998e-07	7.966098008999995e-09	0.0
1730.3970981853022	-2.361017164711029	2994274.1174081145	5.574402052060107	2607.0442135249764	2.359807455608461	5.56869122754528	6796679.531274063	1875.4334993021207	-1.4789655472332015	3517250.810304597	2.187339089902803	2035.721594059317	1318.550986635441	1.116414	21.567657	0.06965499	0.042849	0.1039686858	-0.1696874741	-0.1237382219	0.0450319789	-0.0623272352	0.08712654	0.1317695785	0.1016963053	-0.1308991531	-0.0536699001	-0.0157037639	0.0127502251	-0.0783483383	-0.0389104847	-0.0106198515	0.0190671865	-0.0986470365	0.0668333758	-0.0790888636	0.0454381305	-0.0630259291	0.0543392526	0.0780650149	-0.1013201173	0.0075160766	0.0426104944	0.1256558359	0.1164007182	-0.0186796047	0.0431878926	-0.1422520132	-0.0574937172	-0.0379039114	0.0226593824	-0.0779851153	-0.0337242615	-0.0183351184	0.1932190371	-0.0979855466	0.0190233245	0.0080749636	-0.0138339936	-0.0746899615	0.0103581003	0.0644678702	-0.0213426182	-0.038689202	-0.0183288751	0.1012754939	0.0388911693	-0.0017896894	-0.0938939971	0.0961964682	-0.0035899686	0.078714201	0.1383242253	-0.1096026249	-0.0524410755	-0.0161674082	-0.0881437825	-0.0654331212	0.0524146306	-0.0516768729	-0.1216429158	-0.0850108213	-0.0330830739	0.0002239532	-0.065480373	0.0363796196	0.1002400055	-0.141587367	-0.0470758997	-0.0649496711	0.0907040028	-0.0117723782	-0.0420733155	-0.0864060128	0.0730370534	0.0511656958	-0.0323918368	0.0334346476	-0.0509646059	0.0578360336	0.0383081216	-0.1200722614	-0.0678807424	0.0482453301	-0.0612481103	-0.1112996103	-0.0362006656	0.0044108491	-0.1462694671	-0.0482917514	-0.1646115792	-0.0696134935	-0.0869594112	0.0612059632	0.0941345997	-0.0320213819	0.0388275818	0.0233287812	-0.0176112335	0.042717759	-0.0907997912	0.180081534	0.0505710772	-0.1698677542	-0.0495220155	-0.0006615307	0.0201944951	-0.0971928942	-0.0562279847	0.0441166854	0.1028332339	0.0060402807	-0.0437169053	0.0096048557	0.0791149016	0.0153955827	0.0524285875	0.0389486987	0.0089508624	0.115748504	0.0017387351	-0.0471092037	-0.0648877434	0.1017641571	0.063900152	0.010866692	0.00698467	0.00964208	4.87856150089e-05	9.29697067264e-05	0.00102883	5.60999999999986e-06	3.147209999999843e-11	1.0584911689e-06	0.00893209	-0.03723431	0.0013863938411761	7.978223176810001e-05	-0.000503506	0.0	2.53518292036e-07	0.0	0.000380843	9.6151e-05	9.245014801e-09	1.45041390649e-07	-1.33312e-05	0.0003593087999999	1.7772089344e-10	1.2910281375743997e-07	0.0
1730.9120588206945	0.5149606353922991	2996056.555370895	0.2651844560036404	2598.019674042257	-9.02453948271932	81.44231287515989	6749706.226710635	1876.875251843405	1.4417525412843588	3522660.7109822454	2.0786503902999067	2033.7322524078727	1315.5330017233778	1.128948	21.809797	0.115103195	0.0672232	0.0396723351	0.1329846937	-0.1603324059	0.1298440317	-0.0273337659	0.0543456257	-0.0289300703	-0.0225471932	0.0021625274	-0.1543232638	-0.0663811047	0.001484045	0.0359995413	0.0623134513	0.1793248292	0.0518992806	-0.0009857853	0.0273170635	0.0125446465	-0.0266360448	-0.052344817	-0.0148846299	0.0203809481	-0.0008678041	0.0356710141	0.1107917091	0.0503267802	0.0443348705	0.0040087819	0.0303761218	-0.2498674724	0.1224204877	-0.1144404043	-0.110313988	-0.0782347729	-0.0110119241	-0.0574480255	-0.0390374239	-0.0469907567	0.2194163614	-0.0589706144	0.0267403574	0.1454368967	0.0505698002	-0.0097792228	-0.0462202259	-0.0095272598	0.0730254486	0.1163520209	-0.1279708735	-0.0057834716	-0.1244990135	-0.049349513	-0.0340607583	-0.0987797098	-0.18366384	-0.1818721022	-0.0326042819	0.0421011802	-0.0119976445	0.0278134762	0.0044822785	-0.0210386745	-0.0123091831	0.0284704449	-0.0672677161	-0.0029709447	0.0206741622	0.0509846059	0.2031715289	0.0864113675	-0.0768868456	-0.1291946842	-0.0081048787	-0.0804303112	-0.0783396682	-0.0464347514	0.1089700088	0.1490236726	-0.0013174955	-0.1293113534	0.0338264909	0.0214403938	0.0655159426	-0.0834306635	0.1668016892	0.0367347274	0.0471099188	-0.0034863746	-0.2082753921	0.1213651213	0.0139495318	-0.137353947	-0.0463812817	0.0589627432	-0.0321341909	-0.0260579524	-0.0071430504	-0.1037955097	-0.1405593305	0.0954519354	0.019955291	0.0057308136	-0.1508971314	0.1067324802	0.0364016078	0.0213974582	0.1199473365	0.0902812502	-0.065438864	0.0452868654	0.0323580502	-0.0666983746	0.0001505841	-0.0182539859	-0.0251225337	-0.2656661625	0.0516537956	-0.0493301087	0.1109495171	-0.063260009	0.0043594202	0.009579387	-0.1202027417	-0.0127906497	0.0022488517	0.1005991057	0.0598166067	0.003627002	0.0129071	0.0059224299999999	0.0001665932304099	3.507517710489999e-05	0.00100764	-2.1189999999999924e-05	4.4901609999999676e-10	1.0153383696e-06	0.0686371	0.05970501	0.0035646882191001	0.00471105149641	-0.000769357	-0.000265851	5.91910193449e-07	7.0676754201e-08	-7.49015e-05	-0.0004557445	2.0770304928025002e-07	5.6102347022500006e-09	-0.000280827	-0.0002674958	7.886380392899999e-08	7.155400301763998e-08	0.0
1731.8887213276298	0.9766625069353267	2999438.5430618525	0.9538696524531972	2601.4478300209	3.428155978642735	11.75225341390393	6767530.812320448	1873.1897394321809	-3.685512411224181	3508839.799914002	13.583001733287476	2032.4794671189013	1310.536613909577	0.983144	18.993053	0.069233435	0.0352864	-0.0290795824	-0.0063875753	-0.0422569684	0.1744913444	-0.0427785682	-0.1016257388	-0.049397285	-0.0984378832	0.0340904562	-0.019794558	-0.0794381012	-0.0683983972	-0.0645670998	-0.1195404571	0.144397825	0.0472176346	-0.0496594628	-0.07532098	-0.0802762335	-0.0196250643	-0.0752114933	-0.0123809037	-0.060512639	0.1142834348	-0.0150929355	0.0919900233	0.0245340223	0.1088142533	-0.0011096481	0.056554941	-0.0198151352	-0.0129164017	0.0873398845	0.1276196016	-0.0224710522	0.1768607158	-0.0466453561	0.0924703393	-0.0533308686	0.1359229519	0.062659993	-0.0548556441	-0.0026085666	0.0095220773	-0.0224825446	0.1403374514	0.0031271369	-0.1133415943	0.0453879543	-0.0976849617	-0.068402024	-0.0659895704	0.0516505159	-0.0324493581	0.0671301776	0.0088405363	0.1125726851	-0.0805832015	-0.0121096913	0.0398043602	-0.0905069249	-0.1656631461	-0.0240968046	0.0878574533	0.0316409715	0.0418286484	0.1198307218	0.0981701886	0.074103965	0.0079010031	0.0501240546	-0.0061583727	-0.0535340757	0.0509913863	-0.1580869817	-0.0341593962	-0.0376042653	-0.1502300227	0.1147221948	-0.0453921473	-0.0484582649	-0.0408379422	-0.1201892944	0.0144759003	-0.1288250739	-0.0245321531	-0.0358574352	-0.0765123248	-0.0448419234	-0.0721510157	0.0559252072	-0.0600251741	-0.0911234069	-0.0595035448	-0.0587738038	0.0226137382	-0.0999739434	-0.083421442	-0.0117097298	0.0619135383	-0.1220553064	-0.0082402517	-0.0282002947	-0.1387858716	0.1130977905	-0.0193888214	0.0483411582	-0.0028665221	-0.0788232362	-0.0575447922	-0.0216773245	0.0272803267	-0.1006658927	0.0503510956	-0.0149310839	0.1423246924	0.0476058468	0.1012282853	0.062640674	0.040751786	0.1681514116	-0.0568906085	-0.0747469863	0.0546204987	-0.0140350042	0.1856050965	0.0993899282	0.0556281227	-0.003627002	0.0069689	-0.0059381999999999	4.856556721e-05	3.526221923999999e-05	0.0279798	0.02697216	0.0007274974150656	0.00078286920804	0.0816898	0.0130527	0.00017037297729	0.00667322342404	-0.000689868	7.948900000000008e-05	4.759178574239999e-07	6.318501121000012e-09	0.000219204	0.0002941054999999	8.649804513024999e-08	4.8050393616e-08	-0.00037264	-9.1813e-05	1.3886056959999998e-07	8.429626968999999e-09	0.0
1727.008737276239	-4.87998405139092	2982559.1786284694	23.814244341829745	2591.760781693986	-9.68704832691401	93.8389052879675	6717223.949527021	1870.546023561368	-2.643715870812912	3498942.4262612457	6.989233605588073	2027.5358581630453	1307.324076701747	1.019851	19.702183	0.0768731949999999	0.0427146	0.0736911352	-0.1089891408	-0.0359408111	0.0290477775	-0.0685638626	0.014123678	-0.0465157213	-0.0043782765	-0.0511125244	0.0722373962	-0.0392603795	0.0335006468	-0.1000704024	0.1023307124	0.1043655476	0.030535652	-0.070305871	-0.0548470121	-0.1837456393	0.0394900986	0.0481303883	0.11648058	0.0136992898	0.0926351251	-0.0205919377	0.2328517913	-0.0459108514	-0.036752214	-0.1208154531	-0.0242873695	-0.045276019	-0.0005692166	-0.0126149947	0.0077058443	0.0376300173	0.0541459103	0.0547440235	0.0481745893	-0.0345801899	-0.0579044404	-0.12485014	-0.0934851649	-0.046912805	-0.023393883	-0.0232789653	-0.1162946	-0.1500115897	-0.0063449035	-0.0391891727	0.1100183493	0.1398162377	-0.0364456947	-0.0835862762	0.0480007846	-0.0077876873	0.142402392	0.0074498683	-0.0152227536	0.0399684997	-0.0356393076	-0.1606162309	0.0991429005	0.0862482952	-0.0344611489	-0.0449895648	0.0133117529	0.1215202625	0.0601768322	-0.0060477346	0.0695793474	-0.0684187944	-0.0741135184	-0.0674585128	0.0846139662	-0.0786768127	0.0434598118	0.2577839691	0.0903890131	0.0902866079	-0.0255632006	-0.0195109193	0.0588378257	0.0307931725	-0.0480165002	-0.0154803178	-0.0020705109	-0.1583128815	0.0854186531	0.0141055857	-0.0842127242	-0.0763424147	-0.055152845	0.0318242133	-0.0194650532	-0.1338201362	-0.0260680262	0.0767950652	0.0710219693	0.1045627762	-0.0499608993	-0.0506989742	0.0217401376	0.0297386906	-0.0715643199	0.105410313	-0.1224554533	-0.114207535	-0.1003789134	-0.0090844916	-0.0061079646	0.0703214841	0.0375934467	-0.0061315428	0.0753678972	0.0291811123	0.0743532992	-0.0255184599	0.0635679318	0.0141496225	0.0308564756	-0.1576740864	-0.0321741361	-0.0199084641	0.016051689	-0.0011891006	-0.0145556467	0.098137155	0.0513420481	-0.010866692	-0.00301601	-0.00998491	9.0963163201e-06	9.96984277081e-05	0.028007	2.720000000000153e-05	7.39840000000083e-10	0.000784392049	0.0575207	-0.0241691	0.00058414539481	0.00330863092849	-8.425729999999998e-05	0.0006056106999999	7.099292603289997e-09	3.667643199544899e-07	0.000180869	-3.833499999999999e-05	1.4695722249999992e-09	3.2713595161000003e-08	-0.000162746	0.000209894	2.6486260516e-08	4.4055491236e-08	0.0
1725.582734101247	-1.4260031749918198	2977635.772228335	2.033485055086751	2598.970382531171	7.209600837185007	51.97834423153876	6754647.04927422	1870.20398239633	-0.3420411650379265	3497662.9357710923	0.116992158580502	2028.6697112059069	1311.1998948088922	0.935109	18.065079	0.117448161	0.0615439	0.0337990162	-0.0016690689	-0.1161984683	-0.0121978321	-0.0891120417	0.022466334	0.0332347156	-0.0167835047	-0.0510277697	0.0363024709	0.0217681458	0.0325428337	0.016440385	0.0211390106	0.0272275039	-0.1118441319	0.0336766582	0.120774112	-0.0346670959	-0.1079976603	-0.1221678436	0.0782802635	-0.0582867701	0.0639035168	0.0208022665	0.1617227252	0.05195079	-2.91739e-05	-0.0152601325	0.1568835781	-0.0811060616	0.0654473086	0.0191163104	0.1543983211	-0.0135880192	0.0209806656	0.1206691404	-0.0080776539	-0.1542951106	-0.1384655826	0.088125607	-0.0058024233	-0.1586988839	-0.1430443622	-0.0412418108	0.0815808085	0.02893801	-0.0589835778	0.0421092517	0.0322894722	-0.141414376	8.7499e-05	0.1409211924	0.0152552898	-0.0376137946	0.0136548019	-0.1015121414	-0.1090342411	-0.0908009992	0.0788921167	0.0274137261	-0.0160972051	0.0458655231	-0.0540520689	-0.0049358657	0.0207461357	0.1252437544	-0.0008925947	-0.0646398078	0.1254253112	0.0823725031	-0.0910265536	-0.157380441	0.1223458301	0.0140592496	-0.0179921402	-0.1337429671	0.0583332321	-0.0708010794	0.0881811374	-0.0503423911	-0.1507747785	0.1295174985	-0.0336580491	-0.1091472056	0.0341394875	-0.1284859574	-0.1340528509	-0.020236446	0.205541519	-0.167564422	-0.1481334712	-0.0817118937	0.0798647817	0.0443139174	0.0185221307	-0.0800830667	-0.1279103794	0.0210216493	0.0778027775	-0.0802949514	0.1114646741	-0.0128767475	-0.0631815861	0.1412671941	-0.0573781984	-0.0692573897	0.0072087751	0.1503889306	0.001967276	0.0008805443	-0.0366412415	-0.1109883438	-6.7065e-06	0.0774382923	0.0427538066	-0.0264162044	0.040314891	-0.0567120813	0.1129578613	-0.1025896619	-0.0543850419	0.0892620702	-0.1142508967	-0.0860860893	0.0792659879	0.0968413356	0.0469659021	-0.0180634961	0.0463817	0.04939771	0.0021512620948899	0.002440133753244	0.0256383	-0.0023687	5.610739690000006e-06	0.0006573224268899	0.0827375999999999	0.0252168999999998	0.0006358920456099	0.0068455104537599	0.000313669	0.0003979262999999	9.838824156100001e-08	1.5834534023168998e-07	-7.49015e-05	-0.0002557705	6.541854867025e-08	5.6102347022500006e-09	-7.14578e-06	0.00015560022	5.10621718084e-11	2.42114284640484e-08	0.0
1729.6624622161837	4.079728114936643	2991732.233199751	16.644181491804492	2601.386612949853	2.416230418682062	5.838169436164493	6767212.310034707	1872.9281588205456	2.724176424215557	3507859.888102919	7.421137190251858	2031.5672010795884	1306.990125564776	1.015513	19.618378	0.035015696	0.0225262	0.0157533255	0.1345715052	0.0443225165	0.09441247	-0.0372799282	-0.0095070961	-0.0086772159	-0.0452459719	-0.1070019964	-0.022800713	0.0776467396	-0.0687638331	-0.0521829438	0.0069003105	0.0530259645	0.0783182638	-0.030987633	-0.1011400162	0.0580346847	-0.0922196163	-0.1234346614	0.0554201425	0.0018515539	0.0085216019	-0.0327990278	0.0560325183	0.0032196008	-0.0438021267	0.136404658	0.0033280668	-0.0896192577	-0.0499891894	0.0036149911	0.0223632841	-0.0415552015	0.1075936673	-0.0056055564	0.1826801327	-0.0220254886	-0.0247040946	-0.0170453985	-0.010319135	0.0330193395	0.1180392214	-0.0447757624	0.0081131423	-0.0902791599	-0.1435907465	0.1320711145	-0.1364970784	-0.0222486017	-0.1031812748	-0.0599229152	0.080533813	-0.0566413031	0.009579717	0.0948371102	0.0895912213	-0.0131101843	0.2212265555	-0.0368840128	0.0711845416	0.0182475562	-0.0209884478	-0.0153622361	0.0214583545	0.0148745728	0.0742436682	0.0026089718	0.0195433857	0.006156085	-0.0447526585	-0.0250673907	0.0433520558	-0.0670157689	0.0442248309	-0.1115160487	0.0287782505	-0.1190864768	-0.0414413301	0.0672940522	-0.1120559953	-0.1225229509	0.0644566561	-0.1903909797	-0.0426060475	-0.0712680109	0.0726478476	-0.005455138	-0.064656638	0.1711752425	-0.0332539108	0.1355970344	-0.1704279867	0.029257037	-0.0270792345	0.2032915663	-0.0111902529	0.1293805447	0.0636070409	-0.0643977712	0.0471361804	-0.0103196108	-0.015404802	0.1005500508	0.0108889323	0.1560210728	0.0085154517	0.0971585537	-0.0292831667	-0.0379888516	0.010123954	-0.0307359768	-0.0179402104	-0.0034136472	0.1126529124	0.0027897932	0.0684075068	0.026645463	0.0466536511	-0.0429795203	-0.1034075845	-0.0382513326	-0.1484383047	0.0762161228	0.1395778796	0.0955030384	0.0425073619	-0.0251890118	0.0463843	2.600000000005376e-06	0.00215150328649	6.760000000027954e-12	0.0238858	-0.0017525	3.071256250000002e-06	0.00057053144164	0.0640252	-0.0187123999999998	0.0003501539137599	0.00409922623504	0.00052702	0.000213351	2.777500804e-07	4.5518649201000015e-08	-7.49015e-05	0.0	0.0	5.6102347022500006e-09	-8.47587e-05	-7.761292e-05	7.18403722569e-09	6.0237653509264e-09	0.0
1728.3317577300447	-1.330704486138984	2987130.664778226	1.7707744294304175	2599.911318415369	-1.4752945344839643	2.1764939634782574	6759538.863624342	1872.957325771154	0.0291669506084417	3507969.144159833	0.0008507110077952	2031.5340163184533	1291.2388141111396	1.017393	19.654694	0.04479207	0.0210671	0.0074011658	-0.1203642425	0.0159328634	0.1520733574	-0.0505158012	-0.0041044996	0.021694383	-0.0173606599	0.0216195387	-0.0481522739	-0.0747727771	-0.0753227388	-0.1154463635	0.0452543502	-0.0059923834	0.0215748416	0.0058340629	-0.0446823469	-0.1081307518	-0.0547076113	0.02171232	-0.0297942848	-0.047057554	0.0195711435	-0.0118792759	0.0904698487	0.0904180254	0.1841460644	0.0669536984	-0.0062381981	0.1260459702	-0.035221089	0.1244641273	-0.0549952783	0.1250473113	0.2267205945	0.0905567709	-0.0457897572	0.2000103625	0.081012389	0.0132174745	0.1413185088	-0.086732594	0.19248662	-0.1265991692	-0.153313003	0.0880453503	0.0654349469	0.0230622042	-0.0024307579	0.0920858007	-0.0754140456	0.0217334247	0.0447335275	-0.029281097	-0.0228243958	-0.0702775532	-0.0819249437	-0.0488771616	0.1336608333	0.0526605014	-0.0706558722	-0.0519413643	0.001879466	0.026982861	0.1038740051	0.0409610786	-0.0163487002	0.0139275041	0.0778245225	-0.1422355795	0.0001522198	0.0097740188	0.0045153672	-0.1807949554	-0.0596607657	0.1531132833	-0.0993721601	0.0396714386	0.0356363212	-0.0076246563	-0.0565070427	-0.1904555357	-0.1435222095	-0.0472851602	-0.0261152046	-0.0309980112	-0.1117209195	-0.0668018429	0.0308713198	0.0205237083	0.0834464219	-0.0024788928	0.0592819272	0.2574335532	0.0965384189	0.0147479609	0.0886587705	-0.0542452202	-0.0514372279	-0.0666644903	-0.1060746786	-0.0350061401	-0.0787910936	0.1691883935	0.011113989	0.021944805	-0.0556418878	-0.1066754525	0.0783552646	-0.0422618568	0.1699800867	-0.0099560681	0.0768094411	0.0134469942	0.0290154962	-0.0048923156	0.0237947674	0.0626004894	0.1383990866	0.0676881493	-0.0870566578	0.0870587482	0.1346199711	-0.1087707962	0.0238612316	0.0941228505	0.0379742494	-0.032215118	0.0388488	-0.0075355	0.00150922926144	5.6783760250000006e-05	0.0280182	0.0041324	1.7076729760000012e-05	0.00078501953124	0.0782420999999999	0.0142168999999998	0.0002021202456099	0.0061218262124099	0.000379207	-0.000147813	1.43797948849e-07	2.1848682969e-08	9.05116e-05	0.0001654131	2.736149365161e-08	8.19234973456e-09	-0.000149678	-6.491930000000001e-05	2.2403503684000003e-08	4.2145155124900015e-09	0.0
1728.2304802117214	-0.1012775183232861	2986780.5927328374	0.0102571357177235	2588.163909992427	-11.747408422942044	138.0016046554097	6698592.424987287	1870.2517558499128	-2.705569921241249	3497841.630259682	7.320108598725379	2026.6366238036528	1300.2057960920563	1.019367	19.692831	0.055939305	0.030609	-0.0302111692	0.0037401557	-0.1148915199	0.0252279748	-0.0288258343	-0.0164274542	-0.0866739311	-0.1534460193	0.1288714599	0.0896567392	0.0202345339	0.0409590675	-0.1006580656	0.0823704692	0.0555511696	-0.0301347492	0.1145687225	-0.0445298077	-0.0333641584	-0.094143286	0.0077034153	-0.0019004427	-0.1101692115	0.104123262	-0.1563951279	-3.2821e-06	0.1194417869	0.1374670328	-0.192432724	0.0977271775	0.0773046101	-0.0201037361	0.0266786016	0.071303311	-0.0913720743	0.0414629829	0.0425027484	-0.0332854209	-0.1594907601	0.1040355608	0.031313014	0.0099693849	0.0780431206	0.0450969449	0.0274251945	0.040831029	0.0096401297	0.0208081425	-0.1205709787	-0.1446781471	-0.0690743162	-0.0265429385	0.0005704795	0.0529980431	0.1318673341	0.0640919556	-0.0837420088	0.0353890845	0.1004102122	-0.1188197901	-0.064497456	-0.0784566976	0.0502205835	0.0797526046	0.1181327068	0.0187215191	0.1680254573	0.0709163592	-0.044274903	0.0353837051	0.0155581823	0.0196277572	0.0173454311	-0.1614560524	-0.0384808754	0.0388654804	-0.0497581889	-0.0626518401	0.1794140238	0.018318914	0.116152582	-0.1740315807	-0.0318449418	-0.0627848999	0.1227169104	-0.1122210459	0.1303019848	0.0166024155	0.1282660076	-0.0652724872	-0.1339651147	0.0270165394	0.0149284005	-0.1521891419	0.0442273365	-0.1021839532	-0.1661341901	-0.08168243	0.0622971514	0.0302021519	0.0952664202	-0.047145148	-0.0107002336	-0.0910763951	0.0972183797	-0.0770405963	0.0194150341	0.0593900164	0.015757642	0.0503514564	0.1380664794	0.1049522985	-0.1575869731	-0.0423948404	0.0632717061	0.1019458597	0.0014095934	0.0610988422	0.1658036411	-0.0175407519	0.1381348374	-0.0836960862	0.066104779	0.14286299	0.026065657	0.1138166253	0.0927013771	0.0333745172	-0.0391140859	0.0431493	0.0043004999999999	0.00186186209049	1.849430024999999e-05	0.0127025	-0.0153157	0.00023457066649	0.00016135350625	0.0800789999999999	0.0018369	3.374201610000009e-06	0.0064126462409999	-6.99949e-05	-0.0004492019	4.89928602601e-09	2.0178234696361002e-07	-7.49015e-05	-0.0001654131	2.736149365161e-08	5.6102347022500006e-09	-7.45689e-05	7.510910000000001e-05	5.5605208472100005e-09	5.641376902810001e-09	0.0
1731.0943076830636	2.86382747134212	2996687.502092705	8.2015077856138	2595.8182565385446	7.654346546117722	58.5890210480643	6738272.420978809	1871.5014926330248	1.2497367831119846	3502517.83692764	1.5618420270630915	2029.1397236913515	1321.1082735293735	1.067608	20.624786	0.0906148999999999	0.0473425	0.1121565958	0.031053103	0.037630476	0.0223552957	-0.040474854	0.0229044374	-0.0265396929	-0.097907083	-0.1481604385	0.0539670357	0.1464317754	-0.0163945991	0.0695365049	-0.0085684766	0.040933022	0.0636919441	-0.0907382154	0.0857336447	-0.0934354337	-0.0809353533	-0.008628826	0.0266294067	-0.05594896	-0.0091375535	-0.2232230262	0.0316158193	0.0091632121	-0.1830183523	0.0362534176	0.0769627925	0.1348986088	-0.0486989234	0.0833323436	-0.1162481642	0.0043704672	-0.0323478799	-0.1398268418	0.0168748197	-0.0054324363	-0.0466793248	-0.0363603763	0.1639659178	-0.0894365597	0.0711535485	-0.0203613738	-0.1192534819	-0.0094355961	-0.0213161458	0.0692736804	-0.0068585025	0.0152521986	-0.1233444544	0.0233899733	-0.0367601452	-0.0196388618	-0.066618191	0.0203077596	0.0395186783	0.0359873033	-0.0501285559	-0.0239901962	-0.0151961819	0.0508887751	-0.0334076779	0.0377761	0.0149426887	-0.0298300577	0.1345960234	-0.1896727932	-0.034392742	-0.019880399	0.0359539211	0.0521181432	0.1471581015	-0.068377622	-0.0014764472	0.0120061419	-0.0645410913	0.067018161	0.049805311	0.0690482263	-0.0160472394	0.1177920253	-0.0303269639	0.0108631226	-0.0530847715	-0.0385804702	-0.0157796056	-0.1313500422	-0.0817541245	0.0523508025	0.0537601494	0.0256757834	-0.0331288562	0.0092002216	-0.0465543719	0.133818591	-0.0083692109	0.0214676035	-0.0978325185	-0.0123301133	0.0174686221	0.054364193	0.0075111259	0.1367206692	-0.0640509663	0.1162718657	-0.0835377219	0.0729488522	-0.0556781647	0.011767893	-0.0911558931	-0.0314897959	-0.0164489061	-0.0637439778	0.099960264	0.0468513403	-0.0153312366	-0.163654091	0.0122757215	-0.1501683002	0.053080961	0.0441753502	-0.0312084515	0.1576870883	0.0366321105	0.0912392418	0.0287162347	-0.0458586883	0.0348342	-0.0083150999999999	0.00121342148964	6.914088800999998e-05	0.004836	-0.0078665	6.188182225000001e-05	2.3386896e-05	0.0502087	-0.0298702999999999	0.0008922348220899	0.00252091355569	0.000523194	0.0005931889	2.737319616360001e-07	3.5187307108321e-07	-7.49015e-05	0.0	0.0	5.6102347022500006e-09	-0.00037264	-0.0002980711	1.3886056959999998e-07	8.884638065521e-08	0.0
1726.157602881288	-4.936704801775477	2979620.0699848747	24.37105429987305	2599.27407083242	3.455814293875392	11.942652433753471	6756225.69530174	1868.252813976316	-3.248678656708762	3490368.5769304237	10.553913014555048	2027.19199621482	1303.524473395825	1.041717	20.124613	0.04168258	0.0268047	0.0770607787	-0.0916312963	-0.0232885345	-0.0353566777	-0.0183165924	0.09021528	0.0533651718	0.1080288266	-0.0671086848	0.0079873999	0.0595318718	0.0173343337	-0.0923484513	-0.0406794207	0.0012118748	0.0135963392	0.0609958846	0.0793629146	-0.0231385221	0.0509151587	0.0098969068	0.1124201715	-0.040159092	-0.0119347135	-0.0737759962	0.1217753997	0.0167438166	-0.0893429239	-0.1631449707	0.0834655333	0.0135200175	-0.0300087698	-0.0592087125	-0.0966234671	0.0539269049	-0.062723534	-0.2131241017	-0.0720197103	0.0054178696	-0.0283210576	-0.0623404692	0.0321433638	-0.1691601541	0.0015199345	-0.0770609766	-0.0178928966	0.0850194278	-0.0170260457	-0.0258097827	-0.0572645624	-0.065407039	0.0065730639	-0.1127704569	-0.0905555778	-0.0805831043	0.0079387904	-0.0170713961	-0.0112703913	0.0192492079	-0.0070013382	-0.0606765536	0.0406486039	0.0834682192	-0.0880146581	-0.0133193164	-0.0168771651	0.0381553259	-0.0417742439	-0.0390958599	-0.0463860891	-0.0702766828	-0.0425235503	-0.0319222414	0.0913535237	-0.051099705	-0.0884667437	0.0470815441	-0.0079353868	0.1506159662	0.122453983	0.0468385608	0.1721710992	0.1445667675	0.039226287	0.077402228	0.0482077029	0.1147851023	0.0190745055	-0.0521237301	0.1455369496	-0.012906219	0.0030453937	0.0787366116	-0.0846646079	0.0515264951	-0.1340954407	0.0748143476	-0.0241290082	0.0119452206	-0.0237107944	0.0027710468	0.0361921758	0.0311343222	-0.0004014012	0.0967080137	-0.0614531163	-0.0619201493	-0.0813402066	0.0742448052	0.1668232223	-0.022322063	0.130719077	0.074492999	0.0310924896	-0.0733395317	-0.1271593156	-0.0108959021	0.2256141763	0.195324114	-0.2469821506	-0.0456880767	-0.0715733752	0.0512091857	0.060202062	0.229576222	0.0597417893	0.089737086	0.0240075741	-0.0524223074	0.0373365	0.0025022999999999	0.00139401423225	6.2615052899999945e-06	0.00479847	-3.753000000000003e-05	1.408500900000002e-09	2.30253143409e-05	0.0437101	-0.0064986	4.223180196e-05	0.00191057284201	0.000349332	-0.000173862	1.22032846224e-07	3.022799504400002e-08	-7.49015e-05	0.0	0.0	5.6102347022500006e-09	0.000106381	0.000479021	1.1316917161e-08	2.29461118441e-07	0.0
1727.1593974078453	1.0017945265572052	2983079.584054231	1.003592273439975	2594.209648924642	-5.064421907778069	25.648369259982456	6729923.702573714	1872.7701711714165	4.517357195100431	3507268.1140294163	20.40651602812563	2030.359275774282	1302.294884704119	1.040831	20.107492	0.083874535	0.0453578	0.0392298811	-0.0043044655	-0.0517629664	-0.0190082247	0.0347365073	0.0737237199	-0.0522840386	0.0476013225	0.0885276563	-0.0960889057	-0.0723589172	0.0375127107	0.054852823	0.0591195762	-0.1198853678	0.0940052978	-0.0068350666	-0.0499170622	-0.1221706495	0.0645686379	0.1192104517	-0.0538919401	-0.0841552525	0.0412879628	0.0409497375	-0.0034986951	-0.3071089983	-0.0492130138	-0.0842657677	0.1230386201	-0.1000875394	0.0091002634	-0.0275618121	-0.0116606846	-0.1515535821	-0.1360988642	-0.1952966831	0.0535843374	0.18654547	-0.0923958217	0.0954878524	-0.0029926293	0.0333392242	0.0858446132	0.019993737	0.0073409222	0.1541882617	-0.057491394	-0.0491119308	-0.0202689523	-0.1230410119	-0.0665038277	-0.0330794084	0.0999837717	0.0722005099	0.0612715171	0.0744998017	-0.0174697122	-0.0929096061	-0.0487080944	-0.0180026426	-0.0541921167	0.0064221257	0.0271400784	0.0634657682	-0.0112072024	-0.0264141807	-0.0836977312	0.093560966	0.012059126	0.1558485101	0.041202432	0.249027813	-0.0156340281	-0.0738550514	0.0197497516	0.1956201775	0.1005180192	0.078812466	-0.0856354978	-0.1613581115	-0.1415923544	0.2945346918	0.2013660456	0.1016438914	-0.0096892176	-0.0226921405	0.1629679722	-0.1857503328	0.1126707797	0.0875277583	-0.0368949037	0.0261532257	-0.0002936084	0.1162321485	0.0889796183	-0.0493866241	-0.0787586081	-0.1097671021	0.0448665398	0.0395256626	0.0677096491	0.0834131494	-0.1674354248	-0.3249902105	0.0364088472	0.0726889365	-0.0804749549	0.1079667603	0.4126575044	-0.0143098247	0.0219804624	0.1404804521	-0.048757062	-0.2033303304	0.0642485339	-0.2289074501	0.1542327046	0.2295720231	-0.2821337012	-0.0376829672	-0.1595736958	-0.0915668458	-0.0200753678	-0.1285652841	0.1873444386	0.0881955685	0.0192567962	-0.0587790397	0.0464114	0.0090748999999999	0.00215401804996	8.235381000999994e-05	0.00472251	-7.595999999999992e-05	5.769921599999987e-09	2.23021007001e-05	0.0437387	2.8599999999996684e-05	8.179599999998102e-10	0.0019130738776899	0.000980609	0.000631277	9.615940108809995e-07	3.98510650729e-07	0.000331478	0.0004063795	1.6514429802025e-07	1.0987766448400001e-07	0.000562626	0.000456245	3.16548015876e-07	2.08159500025e-07	0.0
1734.5661871208863	7.406789713041007	3008719.8575030896	54.860533853210086	2604.861234898086	10.651585973444073	113.45628374967048	6785302.053074782	1878.66868405352	5.89851288210366	3529396.024443385	34.79245422034282	2036.776869463404	1328.1386722609136	1.176233	22.723293	0.07574665	0.0470221	0.0236407667	-0.0655663341	0.0077662552	0.0040871404	0.1130951135	-0.0152820336	0.0485432786	-0.0240541472	0.0519742945	-0.1241947065	-0.0478662046	-0.0804422546	-0.1550912122	-0.0431010862	-0.0187410959	0.1556350825	-0.0027741348	-0.0535730197	0.1504173286	-0.0362322687	0.180720821	-0.2026045783	-0.0933783838	-0.1057866455	0.1479995699	-0.0915213892	-0.1535076359	0.1852974023	0.0280388771	-0.0561938085	0.062501721	-0.0580648079	-0.1963433166	0.0223151024	-0.1292152912	0.0329303494	-0.0879209913	-0.0259853294	0.002979695	-0.0874400364	-0.0772272324	0.0264893999	0.0576267537	0.010416868	-0.0577679066	-0.1335539309	-0.0714349433	-0.027103432	-0.0517141232	-0.1303593466	0.1210630346	0.090946717	0.0196136617	-0.1131936138	0.1094022102	0.0298699567	0.0704609938	-0.030469474	-0.0248889647	-0.0037856955	0.1043298308	0.0389397689	-0.165724767	0.0755831083	0.1285881044	-0.026450031	-0.0120752135	-0.2003629126	0.1091789717	0.0493180485	-0.0482516263	-0.0716049043	0.1077295608	-0.0522039516	-0.009264383	0.1374659114	-0.1119375045	-0.0540007243	-0.1312207591	-0.1229659088	0.0566152758	0.0040495962	-0.0895118019	0.1302451412	0.1424551226	0.0402490425	-0.017100051	0.0319222486	-0.0554264668	-0.0432303938	-0.0389231905	0.0581653053	0.0118177728	0.0098487391	0.047650524	-0.01722847	0.1274479876	0.0736493984	-0.1405190198	0.0054436246	0.025229721	-0.030713159	0.0175706854	-0.1546483013	-0.2843340188	0.0802951634	0.0695472982	-0.11664675	-0.0421562635	0.2630100108	-0.0153418052	-0.236965834	-0.1799176412	-0.020050629	0.0477427381	0.0543472122	0.2202825838	-0.0651486152	-0.0088677967	0.2047708517	0.1051411339	0.093155893	0.0181510915	-0.2402906905	-0.1055201	-0.1588229649	0.0866153656	0.0144722352	-0.0649037979	0.0173342	-0.0290771999999999	0.00030047448964	0.0008454835598399	0.00465181	-7.069999999999993e-05	4.99848999999999e-09	2.16393362761e-05	0.0788421	0.0351034	0.00123224869156	0.00621607673241	0.000959861	-2.0747999999999904e-05	9.21333139321e-07	4.30479503999996e-10	0.000361063	2.9584999999999995e-05	8.752722249999996e-10	1.3036648996900002e-07	0.000383052	-0.000179574	1.46728834704e-07	3.2246821476e-08	0.0
1723.3598869125667	-11.20630020831959	2969969.299819295	125.58116435898368	2581.710118716153	-23.151116181933048	535.9741804693623	6665227.137081373	1861.1829295375912	-17.485754515928875	3464001.8972021304	305.751610991327	2016.085323109991	1324.149365314571	1.130149	21.833	0.0272174	0.016319	0.0428023288	0.1193361252	0.0049923552	0.0208174722	0.0524471463	0.1370983289	-0.167521472	0.0863904006	0.034254165	0.0195155001	0.1499374385	0.1118219548	-0.0625904601	0.1036498537	-0.0315768928	0.0261348797	0.1534841325	-0.0338178656	0.2630527697	-0.1369526607	0.004232995	0.2353983951	-0.1816731926	0.0156556102	-0.0131081731	-0.2273762117	-0.2557121063	0.1856340484	0.0369720254	-0.0602204713	0.0168748367	-0.0379130006	-0.0328174892	0.1414879031	0.005302394	-0.1398968146	-0.0965423567	-0.1117824413	0.0151590755	-0.0069285298	0.0138298749	-0.1101012731	0.0619607893	-0.0437288479	-0.0125553136	-0.0692304772	0.0844662577	0.1024878161	0.0298870055	-0.1577435025	0.1021298929	-0.0333047778	0.0156356163	0.0277872081	-0.1922226811	-0.0940887683	0.0218185248	0.062939655	-0.0235516805	-0.166719294	-0.065549617	-0.1451394118	0.3007897974	-0.0758095659	0.1134305883	-0.0065179412	0.0523145283	-0.1344365364	0.1294984509	0.0729726994	0.096143021	-0.0280005409	0.2574421821	-0.0219368211	0.1095178417	0.1203158579	-0.1999474914	-0.2182188006	-0.0443369156	-0.0247158654	-0.2175293922	0.0995379314	0.034099936	0.0280012849	-0.0099108523	-0.0979193436	0.0474642271	0.1440376189	0.1926977068	0.1154214343	-0.0155682763	0.1011839604	-0.0321832177	0.0574126372	-0.0132109831	-0.0645959539	0.1813800916	-0.0024129158	0.0016643818	-0.0707409614	0.0407704212	-0.0131640686	0.0584242399	-0.1462204277	-0.2918131893	0.0426983476	0.0332623652	-0.0883847445	0.1749763966	0.2020858485	-0.016140355	-0.1251143033	-0.0290319936	0.0453840905	0.0140144635	-0.0717181209	0.0029324803	-0.0857167756	0.0807114321	0.196345846	-0.0502222471	0.0297530377	-0.0715925777	0.0230352816	0.0225268986	0.0074432153	0.0849971703	0.0096622851	-0.0707724105	0.0173406	6.400000000000156e-06	0.00030069640836	4.096000000000199e-11	-0.00995759	-0.0146094	0.00021343456836	9.91535986081e-05	0.0746104999999999	-0.0042316	1.790643856000084e-05	0.0055667267102499	0.000919556	-4.030500000000003e-05	8.45583237136e-07	1.624493025000002e-09	0.00031451	-4.655300000000001e-05	2.167181809000001e-09	9.89165401e-08	0.000463594	8.054200000000002e-05	2.14919396836e-07	6.487013764000003e-09	0.0
1725.8325281109849	2.4726411984181595	2978497.915085953	6.1139544961147925	2598.2894348101545	16.57931609400157	274.87372214481945	6751107.987046072	1874.367983661071	13.185054123479858	3513255.3381736693	173.84565223909323	2034.382092387234	1298.4885387368563	1.216048	23.492466	0.132952971	0.0666624	0.045537219	-0.1008749888	-0.007106216	0.1491063883	-0.0051171657	0.0190142091	0.062059165	-0.1039000934	-0.0051061531	-0.0158575787	-0.1508386212	-0.1533410213	0.0164064795	0.2569425289	-0.1592232376	0.1205217169	-0.1447252041	-0.0065469601	0.0411310728	0.0183556016	0.0310919941	-0.1701257167	-0.1850140964	-0.0889999739	0.1218956786	-0.1170967382	0.0198954899	0.128469234	0.0038001042	-0.0362945439	0.1570265119	-0.1072198272	-0.0853755481	0.2156998742	0.1933016965	0.0932540338	-0.0411456379	0.1283118044	-0.0997938319	0.0396588423	-0.1370971485	-0.1198160635	0.0540045751	0.0275233887	-0.0628503581	-0.0502998906	-0.1190866492	0.0152887647	-0.0429337966	0.2033723746	-0.0838695018	-0.1304217228	-0.0047094063	-0.0025903157	-0.0499855052	0.0364022729	-0.0852261765	0.1507754115	-0.1489975207	0.0156196854	0.1130353232	-0.0403528814	-0.1895100614	0.010741174	0.1470953071	0.1739653569	-0.0018703516	-0.1048565106	0.0344335895	0.1330434226	0.008925826	0.0360808967	0.1581118002	-0.1789761311	-0.1136176717	0.0576474921	-0.1145923301	0.0121630391	-0.1141636489	0.0566541312	0.1213049993	0.2052291405	-0.0366219569	-0.0534420746	-0.0991474018	-0.0141698166	-0.2167376456	0.0800940326	-0.0984736965	0.1133845768	-0.0338937996	-0.0522581301	-0.0228340443	0.2037348754	-0.0045707353	-0.0631560053	-0.0789185856	0.0037654563	0.1218884289	0.1196435444	0.0124205753	0.0407890564	0.0606771002	-0.1768772615	-0.1196059159	0.1377145625	0.0867901473	0.015068362	-0.1192367972	0.090426069	-0.0591095825	-0.069974483	-0.0516100354	-0.1431482639	0.1311721448	-0.0404369538	-0.1240782031	0.1061251327	-0.2356831502	0.208159227	-0.0129096299	0.3178401205	0.0857712366	0.1938805779	0.1339149933	0.3695338986	0.0833416924	0.004835384	-0.0763617167	-0.0169529	-0.0342935	0.00028740081841	0.00117604414225	-0.000982269	0.008975321	8.055638705304103e-05	9.64852388361e-07	0.0788427	0.0042322000000001	1.791151684000087e-05	0.00621617134329	0.000432406	-0.00048715	1.86974948836e-07	2.373151225e-07	0.000668298	0.000353788	1.25165948944e-07	4.46622216804e-07	-0.000404507	-0.000868101	1.6362591304900002e-07	7.53599346201e-07	0.0
1730.8167115851677	4.984183474182828	2995726.489102493	24.842084904317204	2596.214508001437	-2.074926808717464	4.3053212615344405	6740329.771557144	1874.445846009104	0.0778623480327951	3513547.229620785	0.0060625452411801	2030.5409926195616	1301.6842571714546	1.163359	22.474581	0.043328628	0.0260045	0.0204354802	0.0458949186	-0.001212784	0.0648611651	-0.0679230608	-0.0412023154	-0.006277785	-0.0528301117	0.1129001243	0.094919763	-0.0147232225	0.0609572594	-0.0847907744	-0.063883439	0.0168449401	0.0603904503	-0.0341925147	-0.0432063936	0.0053436391	-0.1089993626	0.0611236079	-0.1205644556	-0.1050098527	0.1183896603	0.0271711714	0.042368065	-0.1908106856	0.007408659	-0.0187566676	-0.0937422467	-0.0109721644	0.020242388	0.0491045127	0.0477311944	-0.1230056747	0.0307298335	0.0906175234	0.035058638	-0.1654262621	0.1651232792	-0.0193017779	-0.1178891237	-0.0722711325	0.0007180016	-0.0578380313	0.2174436051	0.0439376427	0.0435008292	-0.2221947557	-0.0086872119	0.1256731483	-0.0105752099	0.1069379199	0.1250526234	-0.0054360488	-0.1128709878	0.1165651716	-0.1054708811	-0.0461190659	-0.0037932537	0.1233537434	0.0720097441	-0.0045123875	0.1496191027	0.1153007422	-0.0567427624	0.1343534083	-0.0064192773	0.0562106726	-0.1132984069	0.001235612	-0.0255176138	0.0974532082	0.0260158544	-0.0413322074	0.1159468506	-0.0299699124	-0.0658646488	-0.0755366086	0.1289992332	-0.128012053	-0.1202758778	-0.0769282797	-0.064605084	-0.0806418146	0.1515509705	-0.0426687605	0.0766182677	-0.0255105979	-0.0189769011	-0.0366273681	-0.0541124544	0.0398382748	0.1086218431	-0.0930061486	0.0056157597	-0.0943641518	0.1187145778	-0.0811787934	0.0053734778	0.1739074366	-0.0481758549	0.0717581169	-0.1923534282	-0.2958327787	-0.0971984621	-0.0264719894	-0.0252040149	-0.0494024042	0.0060133247	0.044592162	-0.0096162242	0.0980611084	-0.0469638847	0.099470776	0.1592373396	-0.0754250456	-0.0369213128	0.0289550044	-0.0059199172	0.0361121075	-0.1513920035	0.0925960536	0.0483735961	0.138141447	-0.3279385594	0.0816496581	0.0	-0.0816496581	-0.0169773	-2.440000000000081e-05	0.00028822871529	5.953600000000395e-10	-0.000996082	-1.381299999999989e-05	1.9079896899999692e-10	9.921793507239998e-07	0.094983	0.0161402999999999	0.0002605092840899	0.009021770289	7.88507e-05	-0.0003535552999999	6.21743289049e-09	1.2500135015809e-07	0.000791279	0.0001229809999999	1.5124326360999994e-08	6.26122455841e-07	-0.000470973	-6.6466e-05	2.21815566729e-07	4.417729155999999e-09	0.0
1728.685239905151	-2.1314716800166025	2988352.65866593	4.543171522712798	2601.28261768458	5.0681096831431205	25.68573576036906	6766671.257067941	1871.425055107292	-3.020790901811779	3502231.736883331	9.12517767246882	2030.7162178473347	1327.0282544263894	1.110924	21.461599	0.106382909	0.0590416	0.0892987813	-0.1019871839	-0.0882908801	0.0092819084	0.0407201302	0.0712027163	0.134245777	0.0685065165	-0.0166444441	0.0118119737	-0.0126641637	0.0437095534	-0.1036921641	0.0389935713	0.0037723467	-0.0374379761	-0.0632099125	0.0754588608	0.1289662603	0.0807246486	-0.0974293194	0.0292070627	-0.0162806724	-0.0305901573	0.0827910116	-0.04576408	-0.0970228194	0.052661646	-0.0270705213	0.0498395775	0.0631568892	-0.1084582013	-0.1528914054	-0.0563001107	-0.0895487605	0.0668518771	0.0984087821	0.1027907024	0.0131383787	0.1942182165	-0.0799028284	0.1067780681	0.0865760566	-0.109609715	-0.0659976571	0.0988400791	-0.0488670755	0.0872729469	0.0844424935	0.1685295586	0.0328935128	0.0590760623	0.1393670058	-0.1004007939	0.1775660348	0.1311224793	-0.081738482	-0.0130174761	-0.0060304193	0.0441329001	-0.1932255117	0.0166010231	-0.00593567	-0.0644462889	-0.0332046365	-0.045125805	0.082789092	-0.1257704025	0.0016332177	0.0024634628	-0.0787825095	-0.0808108034	0.1424736025	0.0646601376	-0.072827184	-0.0319053692	-0.049519546	0.1773288866	-0.0726125876	0.0577427785	0.024088977	0.0229912928	-0.0311011403	-0.026997217	0.0218653003	0.0541694267	0.0454994626	0.0446622677	0.044281747	-0.2136066064	-0.0098686746	0.0751506715	-0.1438996702	-0.0082983077	-0.2002886317	0.0987945634	-0.1051878652	0.1391261468	0.0817874872	0.0772100601	-0.0817576353	-0.0230297978	0.085616106	-0.097016698	-0.0869453894	0.0728044104	-0.2714158288	-0.0510810977	0.0081852886	-0.0677992242	-0.0312980507	-0.0718563947	0.0291160934	0.1807726276	0.0665464432	-0.0037866177	0.0691909556	0.0030260753	-0.1174715389	0.0717832047	0.0398260748	-0.0506348596	0.1978352423	0.0227451846	-0.0718968606	0.0305994728	0.0799218096	-0.004835384	-0.0866153656	-0.0556703	-0.038693	0.00309918230209	0.0014971482489999	-0.000972588	2.349399999999988e-05	5.519680359999943e-10	9.45927417744e-07	0.0581768	-0.0368062	0.0013546963584399	0.00338454005824	0.000430964	0.0003521133	1.85729969296e-07	1.2398377603689e-07	0.00105637	0.000265091	7.027323828100003e-08	1.1159175769e-06	-0.000470973	0.0	2.21815566729e-07	0.0	0.0
1725.7932295574929	-2.8920103476582426	2978362.271186481	8.36372385096235	2597.8778790795	-3.4047386050801838	11.592244968923351	6748969.474610601	1871.4077058004648	-0.0173493068273273	3502166.801329359	0.0003009984473887	2032.423949255748	1318.5753056724118	1.072587	20.720985	0.107980962	0.0548189	0.1264981639	0.0916387195	-0.1429216647	0.0152158838	0.000278913	0.1216384689	0.0750349049	-0.074892234	0.0641954365	-0.0774372816	-0.0543382111	-0.104250571	0.1353172028	0.1517769678	-0.0366961424	0.0534231868	-0.0573143504	0.1858861253	-0.0408859728	-0.0583185888	-0.3181401588	0.0073507331	-0.0270957509	-0.1159709804	-0.002798871	-0.0140349982	0.0911445737	-0.0483049552	0.0330491978	0.039304029	0.0121126427	-0.0355409244	-0.0686636994	-0.0179764854	-0.0613177446	-0.0343034889	0.1175710522	0.0876201065	-0.1100269872	-0.042238591	-0.0731138443	0.0489629715	0.0116407198	0.0003317995	0.0068621417	-0.0375831623	-0.0183060921	0.0199286374	-0.0352504451	-0.0927382654	-0.0001164307	-0.1695952896	-0.149590579	-0.0545905664	-0.0949584676	-0.0756218138	0.1665675325	0.0006780737	0.0167760106	0.0949999584	-0.0149546426	0.0384072483	-0.1214385564	-0.1193104409	0.0257266566	0.0977879059	-0.0556637923	0.0090424989	-0.0120803617	0.1757865389	0.162935191	0.0440637299	0.0069956131	-0.033870253	-0.1106663214	0.0931953443	-0.1241980471	0.1230605275	-0.0034341176	0.0429736249	0.082303815	-0.0488517382	0.1832380646	-0.1241643121	-0.1380879612	0.0116775324	0.0224807195	-0.0621403088	0.0215915026	-0.1232704879	-0.0179455312	0.0107762693	0.0999582432	0.0846785976	-0.0065365468	-0.0881225664	-0.0085768178	0.0023919886	-0.1080510268	-0.1742745957	-0.0326871321	-0.0984941571	0.1233456313	-0.0937251386	-0.0608619474	0.1370717184	-0.1073963706	0.1504533957	0.0719444518	-0.1546635075	0.0128321077	-0.053574624	-0.0312481872	-0.0304781858	0.1304030549	-0.0324288828	-0.2272632843	-0.0573946911	-0.1696730415	-0.0727117789	-0.156192912	-0.1632426011	0.0498838922	-0.0064827902	0.0925213574	-0.0724617449	0.0781589047	-0.0096622851	-0.0912392418	-0.0477703	0.0078999999999999	0.00228200156209	6.240999999999995e-05	-0.0200652	-0.019092612	0.0003645278329825	0.0004026122510399	0.062349	0.0041722	1.7407252840000006e-05	0.003887397801	0.000249141	-0.000181823	6.2071237881e-08	3.3059603329000006e-08	0.000558557	-0.000497813	2.478177829690001e-07	3.11985922249e-07	-0.00132766	-0.000856687	1.7626810756000002e-06	7.339126159690001e-07	0.0
1730.5126878775802	4.719458320087369	2994674.1629052875	22.27328683504189	2599.586425405775	1.7085463262751546	2.919130549028327	6757849.583153975	1872.4163123625976	1.0086065621328544	3505942.8468015487	1.0172871971774555	2031.3274472360029	1305.091422435292	1.050606	20.296345	0.1016209	0.0492132	0.0373436819	0.0249632906	-0.0134824593	0.0516285312	-0.0101616302	-0.0229043028	0.0355844495	-0.1635807111	-0.0069539251	-0.0379155035	-0.0382256969	-0.1014313387	-0.0082069494	0.0124028575	0.1210097303	0.0216135199	-0.0536147499	-0.0116595517	-0.0061330027	-0.0801734587	0.0590021134	-0.1020081884	-0.1120686162	-0.005182154	0.068964457	-0.000735866	-0.0821515351	-0.0315261697	0.0451917956	-0.0118110236	0.0053264886	-0.0024229441	-0.0905396396	-0.0563037284	0.0368197944	0.0897575741	-0.138041038	0.050643587	0.107130793	-0.0083944921	0.0104806878	0.0847802745	-0.0345335347	0.06523632	0.0743485021	-0.0715318145	-0.0721040072	-0.0728697683	0.1537770636	0.0687712138	0.0981877636	-0.0853577782	0.0113027047	0.1736024655	0.0550048103	-0.0709674213	0.005022721	-0.0016913752	-0.0157750542	0.0867252946	-0.1092674706	0.0959310943	-0.1058460018	0.0363348073	0.1228459752	0.0674631591	0.0024345099	-0.028170242	-0.0609504264	0.0155703193	0.0538056236	-0.0371159267	0.0316403173	0.056954744	-0.0733948727	0.0671009059	0.0419896818	-0.0932294407	-0.0263068794	-0.0561703974	-0.0253940892	-0.0791021951	-0.0244037174	0.1244189046	0.1342898096	0.0137233675	-0.079284555	-0.0622140201	-0.161249513	-0.0405802736	0.0878306651	-0.0566288109	-0.0230081445	-0.0722306328	-0.0174382458	0.0098736458	0.1144653379	0.1371967443	-0.007348827	-0.0351105021	-0.0993761662	-0.0046468182	0.0834881671	-0.0417923128	-0.0925520241	0.1077556245	-0.011043692	0.0951842388	-0.1351159484	-0.1550679422	-0.0924817545	-0.0078555585	0.0058551807	0.0425237428	0.0479768467	0.193204834	0.1136840126	-0.008189794	-0.077697176	-0.0870126537	-0.0139699855	0.0167143541	-0.0713474352	-0.0423169404	0.0332149255	0.0783985173	0.0763617167	-0.0144722352	-0.0955030384	-0.065686	-0.0179156999999999	0.0043146505959999	0.0003209723064899	0.0103782	0.0304434	0.0009268006035599	0.00010770703524	0.0623816	3.2600000000000684e-05	1.0627600000000444e-09	0.00389146401856	0.000800082	0.000550941	6.401312067240001e-07	3.035359854810001e-07	0.000324654	-0.0002339029999999	5.4710613409e-08	1.0540021971600001e-07	-0.00104792	0.00027974	1.0981363263999998e-06	7.825446760000007e-08	0.0
1725.7386554814734	-4.774032396106804	2978173.907023004	22.791385319077275	2591.5516848308307	-8.034740574944408	64.557056106658	6716140.135149517	1866.157487064788	-6.258825297809608	3482543.7665279643	39.17289410850153	2023.97389794816	1307.2376342681523	1.077721	20.820166	0.05639395	0.0334469	0.0965311746	-0.1142260066	0.0415320484	-0.0432281391	0.0005319683	0.051001221	-0.0019734756	-0.0645717871	0.0607134352	0.0452002294	-0.0637372035	0.0828152102	-0.1935383993	-0.0277389688	0.117316938	-0.0195698047	0.0187643586	0.000570863	-0.1055581987	0.0553037796	-0.0156809	0.0908274896	-0.1022381871	0.0687302414	-0.0378167069	0.0986237687	-0.1671803703	0.0372442788	-0.0677423206	-0.018631242	0.0508636456	-0.0036510888	-0.0377655075	-0.0477067367	0.0046668386	-0.0173815801	0.108211145	-0.2124645761	-0.1130615955	0.048437302	0.0901597478	0.027771556	0.0601485585	-0.1231551352	-0.0165301894	-0.1087709171	-0.0523334791	-0.0401153566	0.1124555182	-0.0175166466	0.1581340396	-0.0158150053	-0.0139497934	0.1315413399	0.0272726467	0.1235306406	0.0720134864	-0.1033304807	-0.1717206554	0.0606400955	0.0900064879	0.0455352679	0.0921927082	-0.021061677	0.0786169224	-0.0379981584	0.1807183359	-0.0068522693	-0.0191737256	-0.0272735553	-0.061234008	-0.1550611039	0.0859624105	0.078426813	-0.0150431052	0.0329669818	0.1253522871	-0.0109775068	0.0277506524	-0.0196173992	0.0200929767	-0.0532418912	0.0081644477	0.0396357994	0.0693006702	-0.0214488948	-0.0892542125	-0.1088297013	0.049937613	-0.0914207941	-0.0338283946	0.0427757675	0.0003937997	0.0154835087	-0.0003253093	0.0783321171	0.0091518902	-0.042667388	-0.0712691096	0.082621739	0.1279184458	0.0557808966	0.1185497413	-0.0013399171	-0.1210034182	-0.0767874993	-0.1798819152	-0.072285055	-0.1425283712	-0.1080013814	0.0619457377	0.0176524261	0.0360921244	0.0762663348	-0.0414691559	-0.0267688922	0.0088899081	-0.0499419141	-0.0908839319	-0.1158811883	-0.100673043	-0.0812537117	0.0263554422	0.0679090395	0.0822983207	-0.0995484569	0.074531034	-0.0192567962	-0.0993899282	-0.0784308999999999	-0.0127448999999999	0.0061514060748099	0.0001624324760099	0.0260531	0.0156749	0.0002457024900099	0.0006787640196099	0.062305	-7.660000000000305e-05	5.867560000000468e-09	0.0038819130249999	0.00129264	0.000492558	1.6709181696e-06	2.4261338336400004e-07	0.000390047	6.539299999999996e-05	4.276244448999995e-09	1.52136662209e-07	-0.00104792	0.0	1.0981363263999998e-06	0.0	0.0
1723.7936486412834	-1.9450068401899896	2971464.5430960283	3.7830516083858488	2596.53847906719	4.986794236359401	24.86811675578734	6742012.073276557	1869.512440702449	3.354953637661083	3495076.7659412283	11.255713910855334	2028.0894865575688	1311.8340837761298	1.00753	19.464163	0.09894225	0.0497618	0.0684747064	0.0373652261	-0.0267454729	-0.0814662648	-0.0072259234	0.0652545638	0.0673684953	0.0356374782	-0.022762775	0.0640076238	0.0257060787	0.0246824648	0.0146926304	0.0293714797	-0.0021315561	-0.1376729489	0.0469807278	0.0468541586	-0.038583989	-0.037738786	-0.16437561	0.0979243935	0.0385670439	-0.0208431214	0.1052745558	-0.1285787204	0.0221525286	-0.0473079181	0.0299514351	0.1136879376	-0.1324716273	-0.0192113339	-0.1507082557	0.0241044195	0.0086553916	-0.0114358931	0.1218531921	-0.1086594048	-0.0500895868	-0.0157983645	0.0381506853	0.1317926095	0.0316498608	-0.1129944231	-0.0653162808	-0.0050622869	-0.0354563332	-0.0412317653	-0.0734769299	-0.0063514411	0.0294646988	0.0355401737	1.06559e-05	-0.0339456521	0.0739198617	-0.0249006344	-0.1343703252	-0.0308394888	0.0018779596	-0.0463864166	0.0444011188	-0.0343179068	0.0310088646	-0.1236566544	-0.0673067865	-0.0211088413	0.0333429382	-0.0421756731	-0.0797644379	0.0240347989	0.1130993027	-0.0225894515	-0.0085072939	-0.0066262472	0.1422177908	0.0047886874	-0.1103110449	0.1427614286	-0.0564189973	0.1235787433	-0.1143311191	-0.0960051506	0.0591558003	0.0910500133	0.0380734559	0.0726089565	-0.0181823291	-0.1374177568	0.0477257666	-0.0045364834	-0.0966409206	0.0066534554	0.0094662494	0.0213130993	0.1920433012	0.1364187292	-0.0810766927	0.0747474249	-0.0268665503	0.1650879602	0.0448237769	-0.0083318054	0.0722165516	0.031306772	-0.1021155156	0.0055411479	-0.1469604487	0.0357208427	0.0949029806	-0.1284364906	0.021847478	-0.0039281705	-0.1302392988	0.0362783685	0.0719973408	-0.0773189769	0.0309230817	-0.0787503883	-0.1109176912	-0.0791466645	0.1018512782	-0.2048541127	0.0788551898	-0.0969948277	-0.0283752924	0.0081523672	0.0726676594	-0.0240075741	-0.1028845713	-0.0555484	0.0228824999999999	0.00308562474256	0.0005236088062499	0.0260689	1.5799999999999842e-05	2.49639999999995e-10	0.0006795875472099	0.0912345	0.0289294999999999	0.0008369159702499	0.00832373399025	0.00183058	0.00053794	3.3510231364e-06	2.893794436e-07	-1.4302e-05	-0.000404349	1.6349811380099997e-07	2.04547204e-10	-0.00104792	0.0	1.0981363263999998e-06	0.0	0.0
1723.8853123959336	0.0916637546501988	2971780.570294426	0.0084022439165718	2595.7002477268875	-0.8382313403026274	0.702631779865539	6737659.776049425	1868.0375819959631	-1.4748587064859748	3489564.4077493246	2.175208204097483	2027.7160247713089	1303.6637207165493	0.985825	19.044842	0.03257515	0.0176016	0.0062723463	0.1352928582	0.0565612547	0.0266876931	-0.014771661	-0.000687811	0.009255745	-0.0772765771	-0.0306230099	0.0629222795	0.1410861212	-0.0628666296	0.057957325	-0.0114567464	-0.0064968434	0.0453870316	-0.0386926906	-0.0322436873	0.0429940509	-0.0905102901	-0.1111994764	0.0875199021	-0.0296857755	-0.0706674343	0.0392780551	-0.0198543519	0.1012788144	-0.0394330269	-0.0277536707	0.1410645226	-0.0464724146	-0.0023351357	-0.1499569793	0.0632391769	-0.0673199567	-0.0557856147	-0.1331149309	-0.1137626831	-0.0176343577	-0.0621389589	0.0331162928	-0.1137825458	-0.0842527408	0.109967873	0.0503925722	0.0181476966	-0.0855766926	0.0136452954	0.0274236151	-0.0277611198	-0.0719731462	0.018409254	0.029474793	-0.1203286475	0.1859896604	-0.0855771551	0.0829551334	0.2033276501	0.1002221273	0.1386041276	0.0423007705	0.0620737733	-0.0016341892	-0.0966214122	0.0085743781	0.0500117751	0.0023723189	0.0744883719	-0.0849318554	-0.0445802916	0.1112243319	-0.0251826621	-0.0447878209	0.004859909	-0.0542379502	0.0050859707	-0.1167457024	-0.0318735933	-0.0082837754	-0.1351776422	0.0339921197	-0.0093401926	0.0189939499	0.2352709183	0.1254644599	0.0464460143	0.0627006175	-0.0776656549	0.07256358	0.0647039787	0.000118282	0.1290639386	0.0290839251	-0.147084034	-0.072662471	-0.0837382462	-0.0623990774	0.0045234492	0.0047821571	0.0131371586	-0.0586594329	-0.090754743	0.0303808418	0.0349107545	-0.0908625152	0.0746820626	0.0407321822	0.0348772909	0.0343509838	-0.1446067723	-0.0880054344	0.0011749385	-0.0121983522	-0.061192544	-0.0497995373	0.0280519485	0.1185322445	-0.0002545333	0.0468386782	0.0214066084	-0.0793486553	-0.0582480629	-0.1359058622	0.0639404029	0.0684458091	-0.0213718926	0.0707724105	-0.0287162347	-0.105973176	-0.0416198	0.0139286	0.0017322077520399	0.0001940058979599	0.0239819	-0.0020869999999999	4.355568999999994e-06	0.00057513152761	0.0980229	0.0067884	4.608237456e-05	0.00960848892441	0.00189148	6.090000000000002e-05	3.5776965904e-06	3.7088100000000014e-09	-0.000148825	-0.000134523	1.8096437529e-08	2.2148880625e-08	-0.00104792	0.0	1.0981363263999998e-06	0.0	0.0
1721.5556366772305	-2.329675718703129	2963753.8101751446	5.4273889543149405	2592.662073993018	-3.038173733869371	9.230499637173756	6721896.629921778	1867.910856624354	-0.1267253716091545	3489090.968295128	0.0160593198094783	2027.3543835422995	1299.1054543694231	0.950438	18.361219	0.06567075	0.0403482	0.0386040647	-0.0145494975	0.0638958751	0.090967798	0.0150087975	0.0638107223	0.0689982188	0.053840261	0.0243952758	0.0997394148	-0.0662369845	-0.0767734435	-0.0178751128	-0.0155155021	0.0141212883	-0.0176612993	-0.0989088898	-0.0506436318	0.0522756326	-0.0794918622	0.0874050991	0.0984162781	0.0143161127	-0.1195740258	0.0846263219	0.0011185837	-0.0340668049	-0.0036007602	0.0287751081	-0.1054606886	0.0360475306	-0.0338426233	-0.0413223553	0.059092707	-0.0301637961	0.0732273028	0.0550595692	-0.0113302317	-0.0124415622	0.10017697	0.1025573612	0.078870555	-0.1071282158	0.1796551614	0.1064271489	0.114233264	0.0166194912	-0.0279697033	-0.082225851	0.1473782035	0.0711731615	0.126654675	0.0305179759	0.0266183175	-0.0943186331	0.0206730007	0.0880213029	0.1581665505	0.0109060577	0.1399647345	-0.0748611236	0.0288167273	-0.0148230695	-0.1208036228	-0.0255966009	0.0461935665	0.0287117432	-0.0274206469	0.060847225	-0.1050181379	-0.0146039119	-0.0670052007	0.0056015779	-0.0820360705	-0.0909469974	0.0138238168	0.0502418559	-0.012184622	-0.148625986	-0.0564170148	0.0114929162	-0.0159469642	-0.0346573022	-0.0049478181	0.0706927271	0.0068855084	0.0461541585	-0.1321828328	0.002290464	0.0001712379	0.0334567475	0.0407852344	-0.0125611376	0.0762527623	-0.0651181683	-0.0977506526	-0.0198540616	0.0629263195	0.0969193379	0.0424111498	-0.0070117918	-0.12525698	0.0543949904	0.0270989705	-0.0494760912	0.1496468423	-0.0123594746	-0.030062963	-0.0906317719	-0.1232157616	-0.1293289536	0.0618242733	0.0587603511	-0.0225922325	-0.0625575546	-0.0710437536	-0.0080255456	-0.0392826434	-0.0284659301	-0.012067791	0.053884599	0.0109006369	-0.0230458989	0.0227398773	-0.0870428775	-0.0111397534	0.0688461184	-0.0333745172	-0.108643553	-0.0458337	-0.0042139	0.00210072805569	1.7756953209999997e-05	0.0260689	0.0020869999999999	4.355568999999994e-06	0.0006795875472099	0.065372	-0.0326509	0.0010660812708099	0.004273498384	0.00183058	-6.090000000000002e-05	3.3510231364e-06	3.7088100000000014e-09	0.000324654	0.000473479	2.24182363441e-07	1.0540021971600001e-07	-0.00104792	0.0	1.0981363263999998e-06	0.0	0.0
1723.6842789949224	2.128642317691856	2971087.493654245	4.531118116668557	2593.148860341104	0.4867863480858432	0.2369609486827517	6724421.011888366	1871.3557416930587	3.444885068704707	3501972.311967578	11.867233136584634	2032.118697898214	1290.9694106984653	1.005699	19.428797	0.0374774	0.0214195	0.0308917935	-0.078997735	-0.0794978579	-0.0756461054	-0.0308445322	0.0013547576	0.0281564634	-0.0401788193	0.0744817766	0.0180387353	-0.0532412922	-0.0695907757	0.0333363502	0.1217334922	-0.0447155239	-0.0129466853	-0.0464659307	-0.0093367019	0.005221916	0.0512325176	0.0084422502	-0.0657569061	-0.0960224801	-0.0279027693	0.0649389349	-0.0025820603	0.0496477556	-0.0018953113	-0.11501424	-0.009713246	-0.0306943828	0.0020715826	0.0319373528	-0.111579726	-0.048632729	0.2153971319	0.0053793773	-0.1486168146	0.0735887026	0.0223902642	-0.0965272313	-0.0482377344	0.0993046986	-0.0120533882	-0.0974051657	0.01537582	0.0868733429	-0.0416882182	-0.0957030585	-0.0055597081	-0.102875938	0.0879078714	0.0192032776	-0.0731448911	-0.1934259195	-0.0174476361	-0.0715945792	-0.0028041857	0.2152724058	0.159429239	-0.0082162254	-0.0032242312	-0.1173466011	-0.0027443752	0.0397535603	0.0897347992	0.0046397657	-0.0487191329	0.0142861235	-0.0116556616	0.0185451314	0.0111063882	0.0089363199	-0.0180495713	0.0350823421	-0.0266188893	-0.0333013932	0.0536559811	0.1730655227	-0.0704815909	0.0167324422	0.1109692575	-0.0376585661	-0.1527871211	0.0678912691	0.1053850921	0.0547726939	0.1699439911	0.0225402336	-0.0801985734	-0.0177395202	0.037590064	0.0078306047	-0.0656922663	0.1704184016	0.0328772615	0.0486716577	0.0791012559	0.1175967856	0.0578374259	-0.0595120955	0.0857664437	0.0750121784	0.0215761766	-0.0426462985	0.0288189517	-0.0647644974	0.1280560628	-0.1568662468	-0.031554519	0.0066629587	0.0268764902	-0.0808503847	-0.1686647449	-0.090948023	-0.1086251433	0.1037670684	0.0131576146	-0.0044719909	-0.1034453757	-0.0860650346	0.0415322423	-0.0864298699	-0.051163646	0.079419267	0.0238427561	0.0668896282	-0.0379742494	-0.1108851636	-0.0424143	0.0034193999999999	0.00179897284449	1.1692296359999972e-05	0.0202681	-0.0058007999999999	3.3649280639999984e-05	0.00041079587761	0.0763702	0.0109982	0.0001209604032399	0.00583240744804	0.00183058	0.0	3.3510231364e-06	0.0	0.000324654	0.0	0.0	1.0540021971600001e-07	-0.0013931	-0.00034518	1.94072761e-06	1.1914923240000004e-07	0.0
1728.381360320572	4.697081325649606	2987302.1267035906	22.06257297976626	2597.2515104338754	4.102650092771455	16.831737783717628	6745715.408451047	1872.881223497728	1.525481804669198	3507684.077330346	2.327094736376793	2030.5105207732056	1303.1365052078877	1.016851	19.644239	0.0809096874999999	0.0359014	0.0180128453	0.1173270433	0.0552463055	-0.0206708747	0.0052913207	-0.0197765432	0.0167794498	-0.1167144248	0.121192823	-0.0492021808	0.1420209396	0.0817796479	-0.0026837288	-0.0347921022	-0.0673337456	-0.1354436739	-0.1090402748	0.0167046923	0.0053329202	0.069043131	-0.0365007397	-0.0852606005	-0.0347453989	-0.060711032	-0.0395713887	0.0145935775	-0.1007235895	-0.0223432703	0.0127729457	0.1077286474	0.0671253223	-0.0692333369	0.0259952208	0.0111502126	0.0814523335	-0.035743268	0.0890672808	0.0099136337	-0.078209109	0.0823622598	0.1616371573	0.1751640051	-0.0465965708	-0.0386169055	0.0466116054	0.0829024776	-0.1639605385	-0.1288383618	-0.050551005	0.0405042464	-0.0563221314	-0.0072162169	-0.0188318522	-0.0738845586	0.0618628739	-0.0933561967	0.0042020447	0.0291991471	0.0318505465	0.0455675536	0.1151113458	0.0889292274	-0.0520879035	0.0428336688	0.1087231008	-0.0977206972	0.0258555434	0.0945863813	-0.0007242654	-0.1298350352	0.1007650101	-0.0440373901	0.0928396223	0.0583515375	-0.0055424109	-0.1019903104	-0.0758708201	0.0542870991	-0.045279832	0.0897454908	0.116146244	-0.0466271457	-0.0060029326	-0.0249048713	0.0059759128	-0.0301319375	-0.062095529	-0.199038417	0.0911417289	0.0547395823	0.0271196536	-0.0470796553	-0.0942311937	0.0200390568	-0.0072129344	-0.026003996	-0.0042290437	0.1300371836	0.0251102215	-0.0661757942	0.0339057253	0.0889241715	0.0466415665	0.0293375247	-0.1134963161	-0.0035567683	0.0692644461	0.0714593663	-0.0546409163	-0.1393365523	0.0624208435	0.0457739543	0.0601704693	-0.0214742342	-0.0948099228	0.0668944057	0.0854704661	-0.0149987539	-0.011140153	0.0252054577	-0.0671877991	-0.0490856865	-0.0046577462	0.0911738703	0.0298940243	-0.073931389	0.0649037979	-0.0425073619	-0.112689161	-0.030204	0.0122103	0.000912281616	0.00014909142609	0.0399901	0.019722	0.000388957284	0.00159920809801	0.0838439	0.0074737	5.585619169e-05	0.00702979956721	0.00199004	0.00015946	3.960259201600001e-06	2.542749160000005e-08	-7.7975e-07	-0.00032543375	1.0590712563906252e-07	6.080100625000001e-13	-0.00104792	0.00034518	1.0981363263999998e-06	1.1914923240000004e-07	0.0
1721.2704490891867	-7.1109112313852165	2962771.958907691	50.565058540640415	2590.313698641039	-6.937811792836328	48.133232472818825	6709725.05736742	1867.021683696178	-5.85953980155	3485769.9673917107	34.33420668594861	2024.300077505416	1299.1016663574342	1.082711	20.916553	0.0619249624999999	0.0371484	0.0715371275	-0.1174722317	0.1737624594	-0.0032700415	-0.0243374718	0.0672428925	0.0357500469	0.0275852198	-0.0975717075	0.151209399	-0.0366676671	0.0115055764	-0.1137319655	-0.0063756192	-0.0830622593	-0.0575240288	-0.1104875932	-0.0302652012	-0.0289263242	0.0736056824	0.1096635793	0.1365569759	0.0515033923	0.0222722756	-0.0769540436	-0.0065189368	-0.0721266468	-0.0715264306	0.0936693714	0.0061400696	0.0774937976	-0.0994282116	0.013400538	0.0429187762	0.0080439508	-0.1075562976	0.0321394975	0.0065390254	0.0563619137	0.0169721884	-0.143840577	0.0248248011	0.0844613219	-0.0031519775	0.059781794	0.0155409194	-0.0266768721	0.0850211376	0.0717542181	-0.0504149793	-0.1870264937	0.0017194834	-0.026695081	0.0223450345	-0.0973530348	-0.126949439	0.0214587274	-0.0191569722	-0.013895996	-0.0920682009	-0.0712600164	0.0261764613	0.0776474966	-0.0829982908	-0.0418774439	-0.0289910291	0.0446830535	0.0623849567	-0.0555480473	-0.0342663432	-0.1142165043	-0.0264827336	0.1351513629	-0.0610964579	0.0143378541	-0.054869372	0.032071502	0.0084814359	-0.2193685892	0.0018529558	0.017774207	0.0626095801	0.0464651123	-0.050427612	-0.0037247629	0.0177201036	-0.0185352176	0.1223691824	-0.0023030471	-0.0630156294	0.0693494806	0.0330540264	0.0423392537	-0.1620019182	-0.0162832887	-0.0003921749	-0.1156099387	-0.0155293884	0.0115167257	-0.1209640568	-0.0011363541	0.272423849	0.048729554	0.0919427042	-0.0614411147	-0.0207282056	-0.0745495367	-0.1993633937	-0.0932548329	-0.1034842699	-0.064786123	0.0357689876	-0.0384025879	0.0339871956	-0.0537350728	-0.006838219	0.0684480028	0.0304637404	0.0828660743	-0.016527626	-0.1627325287	0.0106052325	-0.0365562531	0.0231857277	-0.1280248375	-0.0542707755	0.0628894987	-0.0469659021	-0.1140484259	-0.0366393	-0.0064352999999999	0.0013424383044899	4.1413086089999975e-05	0.0365316	-0.0034585	1.1961222250000025e-05	0.00133455779856	0.0929529	0.009109	8.29738810000001e-05	0.00864024161841	0.00268375	0.0006937099999999	7.2025140625e-06	4.812335640999996e-07	-0.000165513	-0.00016473325	2.71370436555625e-08	2.7394553169e-08	-0.00104792	0.0	1.0981363263999998e-06	0.0	0.0
1724.0057597923565	2.7353107031697164	2972195.85979722	7.481924642874808	2603.855394167476	13.541695526436795	183.37751773071835	6780062.913735061	1871.462854804776	4.441171108598155	3502373.2169140424	19.724000815846967	2031.6152099821936	1300.0626092388632	1.039201	20.076004	0.0444735999999999	0.0280187	0.0048781258	-0.0103391279	-0.0811907646	-0.1149961966	-0.0563258157	-0.0242154905	0.1185636321	0.0240893326	-0.058438439	-0.0120475401	0.0071135483	0.0513631075	-0.0587652804	0.0944338639	-0.1819694727	-0.1274889921	-0.001755088	-0.0494377285	0.0128585228	0.0388456692	-0.0764582882	0.0003681521	0.0363767754	-0.0539429334	0.0034422652	-0.1146364846	-0.0329481686	0.0312900677	-0.0224943338	0.004113703	-0.2463856475	-0.0108154338	-0.1111753371	-0.0770568095	-0.1218831495	0.0532294076	0.143211417	0.0426716312	0.0775252907	-0.1737221138	-0.1758322475	0.0483441412	-0.0427814541	0.1915431403	-0.0144974713	0.048037487	-0.0233167324	-0.0354802751	-0.0435146009	0.0386121887	-0.0578800438	-0.1457622123	0.1466437627	-0.0205933786	-0.0336537438	0.0998639262	-0.0311439556	-0.0363682874	-0.0039247699	-0.1002595266	0.0776119651	-0.0008921335	-0.0407818567	-0.026988249	-0.0726124169	-0.0413837864	0.0176708476	-0.0895946114	-0.0416600358	0.004506201	0.0347785187	0.0001688574	0.0924063699	0.0184336451	0.0893631776	0.0646823709	-0.0418398569	0.238820623	-0.0130699032	-0.1333625855	-0.009671855	-0.1016856127	-0.1216380866	-0.071060885	0.0258419091	0.0434813172	0.0956844272	-0.0086827049	-0.025770422	-0.0329608679	0.1392488212	-0.0018191669	0.1698371563	-0.0632607833	0.0931553001	-0.1948733078	0.0463488622	-0.0678667597	0.0351491362	-0.1878194963	-0.0610804336	-0.0738989513	0.0111987534	0.0602532488	-0.0092947291	0.0435868882	-0.158889971	0.0648175729	0.0532520112	-0.0334290301	-0.0539709651	0.0092012493	-0.1046514193	-0.0511244922	0.0026950268	0.0221842831	0.1545430548	0.0398718595	0.039149097	-0.0131833532	0.0625416051	-0.0506756459	-0.1068103021	0.0572856263	-0.1674634251	0.1634619104	0.0608476141	-0.0513420481	-0.1149575937	-0.0137386	0.0229007	0.00018874912996	0.00052444206049	0.0343724	-0.0021592	4.66214464e-06	0.0011814618817599	0.108314	0.0153610999999999	0.0002359633932099	0.0117319225959999	0.00262417	-5.958000000000005e-05	6.8862681889e-06	3.549776400000006e-09	-0.000186985	-2.1472e-05	4.61046784e-10	3.4963390225e-08	-0.00104792	0.0	1.0981363263999998e-06	0.0	0.0
1724.8747517874085	0.8689919950520562	2975192.909353674	0.7551470874645528	2595.217517931702	-8.637876235774002	74.61290586454923	6735153.965379584	1870.1289696928973	-1.3338851118787716	3497382.3632846177	1.7792494916918429	2030.1356056397424	1304.1837390024314	0.963524	18.614017	0.0726180999999999	0.0402271	0.017585391	0.1334733238	0.0277905102	-0.0331247695	0.0047682389	0.0610277135	0.0292262682	0.0254265026	0.0312795197	-0.01116823	0.1593679863	-0.0642667309	0.0872278802	-0.0333079845	-0.1194200554	-0.0253285384	-0.1274085362	0.008993598	-0.0889878036	-0.0843218716	-0.0850748027	0.0598870348	0.0659151058	-0.1000266058	0.0992211144	-0.030462735	-0.0428456746	0.0471339918	0.0625155174	-0.0215777544	0.0443665212	0.0421248247	-0.0071513617	-0.073289921	-0.1044868013	0.1546260634	-0.000218813	-0.0078310615	0.0089723545	-0.0529348331	-0.1478095283	-0.011375325	0.1190458304	-0.1391192563	0.2142174823	-0.0298848642	-0.0177383315	-0.0376056578	-0.0689713516	-0.0635643268	-0.2166277044	-0.1257275971	-0.0649331057	-0.0072142816	0.075508769	-0.042851039	-0.0173766687	-0.0339305996	-0.0511341069	-0.0331857395	-0.0083973063	-0.0671441609	-0.0391784261	-0.0872895446	-0.0296949849	0.0068320776	-0.0937916371	0.0303285985	0.0983261552	-0.1154632767	0.1126674201	-0.0208639616	0.0065204867	-0.0467277222	-0.0824520621	0.061508157	-0.0860794819	0.0417317764	0.0432730899	-0.070085392	-0.0168999638	0.0227264964	0.0098651885	-0.0960971045	0.0075732527	0.0422101639	-0.02053658	0.0147581677	0.0844187617	-0.0569435003	-0.1000107494	-0.031357884	0.1608403586	-0.0277301742	-0.0367571771	0.1479855268	-0.1093780763	-0.0227977041	-0.0609247506	-0.0183064805	-0.1542616529	0.1073587556	0.0164352112	0.0678276413	-0.0384482257	0.0741447084	0.0564192067	0.0843221444	0.0620024003	-0.0943079086	-0.0531819041	0.0377461814	0.0253451575	-0.0136735928	-0.1387767919	-0.0107617741	0.1222644844	0.0756179066	0.0204323038	0.0004694608	0.010276015	-0.0177471397	-0.0136314201	0.0730240159	-0.0571059944	-0.0352023433	0.0587790397	-0.0556281227	-0.1154130763	-0.0137379	6.999999999993123e-07	0.00018872989641	4.899999999990372e-13	0.0222002	-0.0121721999999999	0.0001481624528399	0.00049284888004	0.0906065	-0.0177074999999999	0.0003135555562499	0.00820953784225	0.00238379	-0.0002403799999999	5.682454764100001e-06	5.7782544399999844e-08	-0.0008013589999999	-0.0006143739999999	3.7745541187587714e-07	6.421762468808397e-07	-0.00104792	0.0	1.0981363263999998e-06	0.0	0.0
1721.455938443775	-3.418813343633474	2963410.5480033383	11.688284678606292	2594.532882435322	-0.6846354963799968	0.4687257629034845	6731600.87803814	1866.378585960492	-3.7503837324052256	3483369.0261318856	14.06537814028975	2027.3147556085648	1298.9621917559905	0.940215	18.163717	0.07961071	0.0410387	0.0153158629	0.0307138959	0.086960897	0.0934566893	0.039184226	0.0478895342	0.1076574175	0.0523798813	0.0503106321	0.0913984217	-0.02323389	-0.0601293885	-0.0340931405	0.0246050204	0.0368635638	-0.0069322773	-0.0263906697	-0.0158341737	0.0467897809	0.0354264944	0.0232796351	0.0996120028	0.0009055484	-0.0475721308	0.1497834985	0.1018326837	0.0412865267	-0.0681328233	0.0031753716	-0.1246432894	0.0753217626	-0.031343836	0.0512641101	0.0440558536	-0.0150477692	-0.1311545335	-0.0456543209	-0.0681065155	0.1767395305	-0.1384074576	0.0335823645	0.1107559977	-0.0859027387	-0.0459151173	-0.0159118713	0.0692522022	-0.058174779	0.0632888047	0.0087868856	0.0467130569	-0.0004513947	0.0115897584	-0.0210360929	-0.0649058245	0.0800911041	0.0783275167	-0.0213042133	0.0519117836	-0.0532380806	0.0949744588	-0.0001674774	-0.0836276351	-0.0422834528	-0.1261980824	-0.0461953525	0.0781514963	0.0643609478	-0.050210651	0.0619662637	-0.1399828662	-0.0031199106	-0.0069918588	-0.157777978	-0.0640859188	-0.0553476651	0.0198290642	0.0875648572	-0.000986471	-0.1270645792	0.0216967753	0.0051496419	0.0517204291	0.0791443964	0.0705109319	0.0738318575	0.0020694141	-0.003996493	-0.0644203506	-0.0510884449	0.0861088586	0.0235718925	0.1248387525	0.1008442886	0.092181286	-0.0305420654	0.0024723987	0.0134523125	-0.0669404237	0.1385072691	-0.0816401545	0.035136469	-0.0780520289	0.0171635807	0.0252044168	0.0195346834	0.0717666056	0.0979609145	-0.0649524531	-0.0265790413	-0.0264201085	-0.0629673671	0.1231674046	0.0159735219	-0.0122008572	-0.037554496	0.0117202907	-0.0236456937	-0.0639550567	0.0081931079	0.0657122131	0.0075418987	0.0509224971	-0.0654876044	-0.0346681555	-0.0357195319	-0.0268745169	0.0566846829	-0.0598166067	-0.1154130763	0.00252031	0.01625821	6.3519624961e-06	0.0002643293924041	0.0410319	0.0188317	0.00035463292489	0.00168361681761	0.0906019	-4.600000000007376e-06	2.116000000006786e-11	0.0082087042836099	0.00234325	-4.054000000000037e-05	5.490820562499999e-06	1.6434916000000295e-09	-0.000549532	0.0002518269999998	6.341683792894963e-08	3.01985419024e-07	-0.000449963	0.0005979569999999	2.0246670136900001e-07	3.5755257384899985e-07	0.0
1723.0460431178728	1.5901046740978018	2968887.6667041583	2.5284328745876765	2599.626806546014	5.0939241106921145	25.94806284549045	6758059.533312627	1872.5541010603	6.175515099807853	3506458.861397748	38.1369867479548	2031.0868698290024	1273.233484003429	1.020766	19.719868	0.0891732049999999	0.0483621	-0.0443638741	-0.1001298608	-0.0082363046	-0.0260833576	-0.1055639431	-0.0909014562	0.0529115425	-0.0282531942	0.0741423308	-0.048484607	-0.0370371413	0.0414641296	-0.0095435275	0.121783514	-0.0030718806	-0.0482443846	-0.0214093496	-0.0425200049	0.0092074835	0.0735280192	-0.0395973074	-0.1040385375	-0.0720746268	0.0514672168	0.0878909759	0.02996131	0.1113353429	0.080977995	0.005219472	0.0529628641	0.0076729591	0.058052105	0.0201939675	-0.1245835459	0.1122483058	-0.030406937	0.1582092442	0.0146372674	0.0702646509	-0.0460855425	0.1406971092	0.1270345975	0.1863724218	-0.0258507298	-0.0278904098	-0.020015519	0.073065958	0.0095845752	-0.0325881164	-0.071049879	-0.0728893103	0.1290085197	-0.0735872056	-0.0387651416	-0.024116822	-0.0293752853	-0.0781546692	0.049832509	0.0262260123	-0.0563846836	0.0741923988	-0.154292036	-0.0664626587	0.0842642132	0.008479546	0.0574269538	0.0716945228	-0.0170010974	0.0470064159	0.0538704098	0.0017523044	0.075798313	-0.0104693846	-0.0044879584	0.0196611559	-0.1212019548	0.0540173095	0.0803059981	0.0692534411	0.0683108126	0.0905130549	0.0047545755	-0.1121346499	0.045070771	-0.0116743508	-0.0850215089	0.1442834998	0.0186816784	0.2222691693	0.037017577	0.1177502089	0.0297978259	-0.0106227247	0.0928249493	0.2566641704	0.2032614123	-0.0143241686	0.0118187613	0.0280186465	0.0316601304	0.1111293218	0.0678457947	-0.0079560523	-0.0217561606	0.0111593939	-0.0330699695	-0.0185263892	0.0580961378	-0.0995415481	0.029432541	0.0221570185	0.1277197986	-0.0217572368	-0.1781569001	-0.0585701364	-0.1146131199	0.0246504685	0.024979003	-0.1459239976	0.0467319416	0.0955114157	-0.0500722491	-0.0314994559	-0.0738756882	0.0015362674	0.0247652538	0.0545654623	-0.063900152	-0.1149575937	0.00818871	0.0056684	6.70549714641e-05	3.213075856e-05	0.0480196	0.0069876999999999	4.882795128999999e-05	0.00230588198416	0.128013	0.0374110999999999	0.0013995904032099	0.0163873281689999	0.00234301	-2.3999999999987573e-07	5.4896958601e-06	5.759999999994035e-14	-7.66079e-05	0.0004729241	2.2365720436081007e-07	5.868770342410001e-09	-0.000758919	-0.000308956	5.75958048561e-07	9.545380993600004e-08	0.0
1727.0881960871272	4.042152969254403	2982833.6370634874	16.339000626852183	2588.810930180091	-10.815876365923032	116.9831815629324	6701942.032219908	1873.1006461319023	0.5465450716023952	3508506.0305397497	0.2987115152928672	2027.2822975210315	1293.421769660296	1.002697	19.370798	0.027344835	0.0160888	-0.0370249552	0.0899159397	-0.0510725027	-0.0623464585	-0.0528409838	-0.009353573	-0.1612694627	0.0007292932	0.0479003361	-0.087846101	-0.1901987927	0.0577779438	-0.0194214997	-0.026681545	-0.0040171859	-0.0563534126	-0.0959896231	-0.0240348253	-0.1828547812	0.0992963665	0.0061477022	-0.1086104039	-0.0449697079	0.033674848	-0.0837972412	-0.0489765476	-0.0636809907	0.0641470057	0.0205817201	0.0882586122	0.0233398473	0.1061072537	0.0720293784	-0.0831009221	-0.1548164758	-0.0760364345	-0.0695134189	-0.0020694796	-0.0906167914	-0.0518795201	0.0018387492	0.0641019057	0.0027447323	0.0105383385	-0.1048757388	0.0240848557	-0.1013721382	0.0957211772	0.0193004693	0.0236923435	-0.0836390215	0.0925941311	-0.1403463189	0.0263302221	-0.0576514612	0.0482104927	-0.1633077294	0.0224470334	-0.0423202339	-0.0255524511	-0.1029038131	-0.046886233	0.0577916137	0.1439716937	0.086045045	-0.0338715886	-0.0533180805	-0.0248941979	0.1047945098	0.0500175522	-0.0285937585	0.1260971545	0.0541762366	0.059908977	0.0112792503	-0.0550054585	0.0111502872	-0.0213611419	0.0617662581	0.0874893531	0.1259026235	-0.0798092347	-0.0114416635	0.0267970593	0.0617276876	0.0515503748	-0.0015605663	0.0077353535	-0.1825217431	-0.0987878452	-0.090478682	-0.0201330996	-0.0810613249	-0.0368778472	-0.0183970589	-0.0668742065	-0.1941083823	-0.1344551496	0.0819446642	-0.0463117818	-0.0413340907	0.0448089161	-0.0238826943	-0.0082890777	-0.0428013302	-0.1005633501	0.0383968157	0.0744478285	0.0381141185	-0.0665285357	0.0724044029	0.0939864339	-0.0014651589	-0.0526894821	-0.0819860072	0.016482387	0.0624388043	-0.0259592346	0.0321759481	0.0346763292	-0.0084291395	0.1717642807	0.1093647555	0.0350747391	-0.0714690416	-0.0885034403	0.0524223074	-0.0678715947	-0.1140484259	0.00726933	-0.00091938	5.28431586489e-05	8.452595844e-07	0.0557268	0.0077071999999999	5.940093183999996e-05	0.00310547623824	0.128019	6.0000000000060005e-06	3.600000000007201e-11	0.0163888643609999	0.00247421	0.0001312	6.1217151241e-06	1.721344000000004e-08	-0.000315383	-0.0002387751	5.7013548380010014e-08	9.946643668900003e-08	-0.0007631889999999	-4.26999999989994e-06	5.824574497208473e-07	1.8232899999145485e-11	0.0
1723.466289141915	-3.621906945212231	2970336.049808603	13.118209919776596	2594.2173932529067	5.406463072815768	29.22984295772052	6729963.883455907	1869.298046852862	-3.802599279040351	3494275.1879679244	14.459761276958195	2026.592199824148	1301.811837415252	1.001016	19.338322	0.02910347	0.0161755	0.0043030476	0.0064171747	0.1566549166	0.0598166532	-0.0134457558	-0.0609194906	-0.0279551749	-0.0008806122	-0.0182539549	0.1494331928	0.0509377	0.0173740991	0.055130639	-0.1272000494	0.0824823331	0.0588847228	-0.0493323198	-0.1435014683	-0.081269398	0.1258738031	0.0354747499	0.0640935725	0.0911330834	0.0338425482	-0.1341960029	-0.0234513785	-0.0299130816	-0.0870889068	-0.0679464032	-0.0526521352	0.099631036	0.0560680884	0.0575435172	-0.0401441081	0.1086885648	0.038546697	-0.0253095697	0.0808878084	-0.0284748355	-0.0672285757	-0.0083064308	0.077169661	-0.0909149004	-0.0918053989	-0.0353502539	-0.1547530093	-0.1383166388	0.0865749549	0.0045133298	-0.1196120334	-0.0232107795	0.112389112	0.0357630312	-0.0110288987	-0.0042526449	0.1238898095	0.0752937334	0.0036811472	-0.0195155347	-0.0064207037	0.1194670031	-0.0340042116	0.059332113	-0.0022199434	-0.067052186	-0.0291966059	0.0170800622	0.0890409225	-0.0904638548	-0.1101385634	-0.035902527	0.0650371899	-0.0029551396	-0.022671177	-0.0375711751	0.0939811936	0.0633179358	-0.0541264435	-0.0416945949	0.0741411749	0.0352254972	0.0906454753	0.0001974341	-0.0124269989	-0.042353311	-0.0503248924	-0.0479488063	-0.1342473113	-0.1355945485	0.0295397296	-0.1703578207	-0.0930006321	-0.0865981272	-0.0109271377	0.0317047149	0.0642746553	0.1002388004	-0.1246750226	-0.051474154	-0.1124826571	0.1612201341	-0.0004401214	-0.0034348978	0.0410246137	-0.001463494	-0.0493785319	0.0676441281	-0.1617866428	0.0259690114	-0.0792161115	-0.0627368575	0.0301116352	-0.0400317575	-0.0247914784	-0.0546152742	-0.0343763711	0.0156439935	-0.0322602957	0.0495077766	0.0159683508	0.0410149617	0.1189700639	-0.0304360824	-0.0389049303	0.0766517744	-0.1447694089	0.0502561585	-0.0717239676	-0.112689161	0.00441756	-0.00285177	1.95148363536e-05	8.1325921329e-06	0.050645	-0.0050817999999999	2.582469123999997e-05	0.002564916025	0.128029	1.000000000001e-05	1.000000000002e-10	0.016391424841	0.00267854	0.0002043299999999	7.1745765316e-06	4.175074889999998e-08	-9.6515e-05	0.000218868	4.790320142400003e-08	9.315145224999998e-09	-0.0007631889999999	0.0	5.824574497208473e-07	0.0	0.0
1722.659907218762	-0.8063819231529123	2967557.155938954	0.6502518059877894	2599.603389172451	5.385995919544257	29.00895204534739	6757937.7809968935	1868.814110149376	-0.4839367034860515	3492466.178293404	0.2341947329809466	2028.8037582629283	1292.9163731006922	0.953298	18.416464	0.035158982	0.0177344	0.0092371051	-0.1075822725	-0.0063012247	-0.0616518711	-0.0648292858	-0.0050968964	0.0471564287	0.1047434363	-0.0973134505	0.024493213	0.0491798695	0.1110608036	0.0287398721	0.0017242618	0.0205567845	-0.0688045172	0.0581407928	0.0632379188	0.0292719254	0.0664071356	-0.0826256024	0.0512450216	0.0587508937	0.013934453	-0.052406879	-0.0799170611	-0.002332635	-0.0627963785	0.0210489765	0.1732942489	0.0591576465	0.0983777828	0.017132128	-0.0064234542	0.052970714	-0.0866163993	0.1181439256	0.062717727	-0.0370095937	0.0009428067	-0.0769043154	0.0409204047	-0.1052588809	-0.0615203746	-0.0452538604	-0.0478694341	0.0407796236	-0.0122808857	-0.0648041508	0.0099390269	-0.0366909853	-0.0033089857	-0.0607298644	0.0568413378	-0.1478018696	0.0103293126	-0.0649500183	-0.0362353755	-0.0081832344	-0.0521564524	0.0402331226	0.0324620448	0.0169638372	-0.0528109444	-0.1093721648	0.0030804541	-0.0134601662	-0.010097785	-0.0625306221	0.0490906617	0.0295683956	0.0629539568	0.0797361524	0.0251091195	0.0310121042	-0.0290667436	0.0314357215	0.0587255381	0.0489761759	0.1332320714	0.0239479303	-0.1011520532	0.0060157049	-0.0483872686	-0.0331034278	0.0675024651	0.0107827404	-0.0340660064	0.1141922459	0.1119592355	-0.0334727549	-0.0733575291	-0.0353507461	0.0702325605	0.0241827084	-0.0301197771	0.1182223379	-0.0851415555	0.1346516322	-0.0074199126	0.0072287211	0.0900334324	-0.0095020485	0.0351805055	0.0429377825	-0.0349755559	-0.131667882	-0.0501469552	0.0500785009	0.0224919067	-0.0339743963	0.0383202754	0.0137637184	-0.1023902575	-0.0699080801	-0.0852270793	0.0151115646	0.0253400493	-0.0492801345	0.0406153959	0.0569121656	-0.0074582194	0.0039875727	-0.0527020351	0.118558155	0.0097103679	0.0480679655	-0.0754505123	-0.1108851636	0.0182842	0.01386664	0.00033431196964	0.0001922837048896	0.0450271	-0.0056179	3.156080041000002e-05	0.00202743973441	0.128018	-1.1000000000011e-05	1.2100000000024202e-10	0.016388608324	0.00270021	2.167000000000011e-05	7.291134044100001e-06	4.695889000000046e-10	1.91884e-06	9.843384e-05	9.689220857145598e-09	3.6819469456e-12	-0.000956354	-0.0001931650000001	9.14612973316e-07	3.731271722503863e-08	0.0
1723.9333645262466	1.2734573074844775	2971946.2453267844	1.621693513985615	2588.6364984053603	-10.966890767090716	120.27269309729962	6701038.920876365	1866.718699424771	-2.0954107246047897	3484638.702782109	4.39074610478877	2022.5246685622508	1297.6679795797486	1.001843	19.354294	0.0233728169999999	0.013097	-0.0060151933	0.1188155838	-0.0340751701	-0.0208082097	-0.0200555133	0.0922757044	-0.0994136132	0.1045358981	0.0003871082	-0.1009250833	0.0277250514	0.0660234392	0.102860528	-0.0393163607	-0.0066916833	0.0417636652	-0.060325825	0.032437235	-0.0257026306	-0.0732086649	0.0912860442	0.1015416431	0.0221897441	-0.0089436851	0.0014840844	-0.0584705347	-0.0145959419	-0.0234286676	-0.0039040767	0.0490613705	0.1297430179	-0.0296905417	-0.0443030905	0.0711535634	-0.0035790766	-0.1777491318	-0.0521106944	-0.0595410991	0.0956238651	0.050444774	0.1370932382	-0.0992377402	0.0026372032	-0.0251267918	-0.0627627636	0.0531777263	-0.0475913951	-0.0185282575	-0.0424858309	0.0571185771	0.0103571443	0.0560854358	-0.1365806322	-0.1063392876	-0.0274137736	0.1508050168	-0.0030583827	-0.183281211	-0.0380210042	0.179353663	-0.0558134672	-0.019823628	0.1459985791	-0.0601244531	0.001093806	-0.0606952856	-0.0789647172	-0.0845897673	0.1060439583	-0.0181429489	0.0564065661	0.1212758027	-0.0492746702	0.004737764	-0.0176122609	-0.1166575582	0.0161671104	-0.0152918973	-0.0597318968	0.0025795845	0.093482421	0.0070651218	0.1793776737	0.068768016	0.0284484165	0.0393706349	-0.0816776324	-0.0520367664	0.0066744691	0.0419623904	-0.0112675479	0.0906708186	-0.0493220041	0.0273102017	-0.1217556928	0.0956382418	0.1454524367	-0.0117761918	-0.0871649763	0.0678503978	0.0171150069	-0.0338956145	-0.0329981731	0.0237469547	0.008619688	0.0223660817	0.0286846593	0.0562063914	0.1515514128	-0.0478444912	-0.0440261833	0.0669192053	0.010957758	-0.0371873178	-0.0526791843	-0.0488452406	-0.0393795275	-0.0473160128	0.0461949624	0.0217882664	0.0291212699	0.0382589584	0.0366231907	0.0349469717	-0.0204844601	-0.0533235335	0.0458586883	-0.0790446912	-0.108643553	0.0159963	-0.0022878999999999	0.00025588161369	5.234486409999995e-06	0.0450372	1.0099999999999e-05	1.0200999999997978e-10	0.0020283493838399	0.128021	3.0000000000030003e-06	9.000000000018002e-12	0.0163893764409999	0.0028512	0.0001509899999999	8.12934144e-06	2.279798009999992e-08	-7.536249999999998e-05	-7.728133999999998e-05	5.972405512195597e-09	5.679506406249997e-09	-0.0007631889999999	0.0001931650000001	5.824574497208473e-07	3.731271722503863e-08	0.0
1723.8741633429177	-0.0592011833289234	2971742.131041244	0.0035047801075448	2586.789660502925	-1.8468379024352544	3.41081023787145	6691480.747684838	1867.2323897704007	0.513690345629584	3486556.7974076816	0.2638777711930415	2025.6258692688843	1300.9729442801165	0.931428	17.993971	0.0634476269999999	0.02966	-0.0256305783	0.0212549588	0.0050094238	0.1023295715	0.0255066189	0.0376790061	-0.0346842801	0.0838657435	0.0481826712	0.1032152611	-0.0820220887	-0.0995505094	0.0476186452	-0.0409371457	0.0761411238	0.0020196812	-0.0503439803	-0.0653969315	0.095307098	-0.0928802062	0.0125555652	0.075325507	0.0237886231	-0.0306783259	0.0378704586	0.0099075844	0.0004800893	0.1107557536	-0.0985973081	-0.1715625559	-0.0102970437	0.0053044901	0.1084253751	-0.0106879216	0.1101517969	-0.0718797866	-0.0172658351	0.0486338531	0.0579604193	0.1531098246	-0.0798784892	-0.0155356065	-0.0467565919	-0.142565916	0.1424735048	-0.0089597175	0.051090525	-0.0779503586	0.0896018929	-0.0151246732	0.1400520568	-0.0095638306	0.0648120739	-0.0590637125	0.0245704916	-0.0354952008	0.0067024306	-0.065488801	0.0031450682	0.0211992079	0.0104490217	-0.0826175174	0.0218041302	-0.0583990034	-0.0397178336	0.0469205786	0.0113101822	0.0001659257	0.1152783396	-0.0282704237	-0.0946171417	0.0225840512	-0.0431665371	-0.1206300428	-0.0656538931	0.0927343705	0.0744043965	-0.0898570103	0.0676612482	0.0234474666	-0.1570966829	0.1509402062	-0.0589469091	-0.1270064646	0.0276478379	-0.0458275727	0.0687966288	-0.0786169212	-0.0254654851	0.0023886531	0.0345237458	-0.1012164773	-0.0965757877	0.0433102911	-0.1631255616	-0.0158422469	-0.0299170192	-0.0608205703	-0.136830183	0.0666005605	-0.0930696791	-0.1142078142	-0.0120059937	0.0058259917	0.0478344676	0.0539251054	0.0101898575	-0.0035011055	-0.027238961	-0.0559073524	-0.0570130415	0.1077680774	0.0184137939	0.008097226	-0.0562477619	0.0045992286	0.0241798308	-0.0928390564	0.1323170398	0.0467404875	0.103808794	0.0713326544	-0.1182820501	0.047832595	-0.0596947104	-0.0128911413	0.043629296	-0.0825001988	-0.105973176	-0.000949402	-0.016945702	9.01364157604e-07	0.0002871568162728	0.0450118	-2.540000000000181e-05	6.45160000000092e-10	0.0020260621392399	0.11587	-0.0121509999999999	0.0001476468009999	0.0134258569	0.00254737	-0.0003038299999999	6.489093916900001e-06	9.231266889999985e-08	0.000122063	0.0001974255	3.897682805025e-08	1.4899375969e-08	-0.000948444	-0.0001852550000001	8.99546021136e-07	3.4319415025037064e-08	0.0
1725.80632502976	1.932161686842392	2978407.4715127256	3.733248784101636	2596.754582703538	9.964922200612818	99.29967446426622	6743134.362791825	1871.2523163567057	4.019926586305019	3501585.2314703367	16.15980975928192	2028.9799523888369	1293.430406327631	0.962407	18.59244	0.075820702	0.0377748	-0.0523319573	-0.0244061784	-0.0910005647	-0.025580527	-0.0119376828	-0.061565006	0.0416768085	-0.0122193501	0.1347245394	-0.0223688678	0.0295705806	0.1313583904	0.0009414526	0.0490575794	0.0030625417	-0.0694996292	0.0511085383	0.1053417305	0.2143289931	-0.127225971	0.0479464512	-0.0778702035	-0.0367084262	0.0369610103	0.0255063898	-0.0704661431	0.034931377	0.0274704055	-0.1440976105	0.0903960943	-0.2459158349	-0.0303967789	0.0991075251	0.0302247833	-0.0359235748	-0.0323266854	-0.0575841472	0.0813129615	-0.0522447321	0.0207023217	0.0297025435	-0.0527371876	0.0202511979	-0.0358905862	0.0597946764	-0.1546181733	0.0493609418	0.1732897599	-0.0292148131	0.0196024081	0.0789600873	0.0141771392	-0.0763949737	0.0794947963	-0.0592447116	0.0535095518	0.0465151643	0.117969346	0.0064432016	0.0088791495	-0.0114890193	-0.0146527946	-0.0381787634	0.06862486	0.0456584399	-0.0611854876	0.1296706378	-0.0816089013	-0.0467903369	0.0051439771	0.0606544156	0.0390761942	-0.0897014455	-0.0482483408	0.1823593835	-0.0599014242	-0.0934712879	0.0551315044	0.0456523601	0.1213417977	-0.109136938	-0.0306860862	-0.067209713	0.0769118813	-0.0091159076	-0.1263717772	0.0353614122	0.166085719	-0.0721960419	-0.0202027847	-0.1256755109	-0.1008231842	0.0888291515	0.094155856	-0.1916350421	-0.0156981889	0.1129180627	0.0164980445	-0.0053259606	-0.0444216612	-0.0991377058	-0.0855350435	-0.0330125883	-0.0216108942	0.0431542192	-0.0645120511	-0.0523285359	0.0796724726	-0.0473495469	0.0113648234	0.094556528	0.0634537275	-0.1347671018	-0.045488485	-0.0433273819	0.0289861944	-0.1096863634	-0.16035322	0.0380923266	0.0272280206	0.1696851547	-0.055860979	-0.0688499401	0.042023066	0.0065715323	0.0299491007	0.0413807664	-0.085810973	-0.1028845713	0.0159841	0.016933502	0.00025549145281	0.000286743489984	0.0561537	0.0111419	0.00012414193561	0.00315323802369	0.142581	0.026711	0.000713477521	0.020329341561	0.00256251	1.5139999999999858e-05	6.5664575001e-06	2.2921959999999567e-10	0.000173993	5.193e-05	2.6967249e-09	3.0273564049e-08	-0.00130206	-0.000353616	1.6953602436000002e-06	1.2504427545600004e-07	0.0
1725.95242328868	0.146098258919892	2978911.767456067	0.0213447012594238	2594.86146322028	-1.8931194832580327	3.5839013778911624	6733306.013305691	1871.446511254866	0.1941948981602763	3502312.044488009	0.0377116584714801	2027.2143293168388	1294.0017142958477	0.964151	18.626139	0.0783849999999999	0.0365941	-0.0759244524	0.0914748714	0.0672894928	0.0363444136	-0.0186211531	-0.0740162867	-0.0561495918	-0.078689341	-0.0240211497	-0.0436202117	0.1140794873	0.046177564	-0.0506212956	0.0550433153	0.0190559755	0.1415448246	0.0354043417	-0.0717248826	0.0324612421	0.0211376988	0.0047663213	-0.0708101071	-0.0065567382	0.0227808933	-0.0974346748	0.0053344732	-0.003732421	-0.1231013488	0.0628341825	0.0481324437	-0.0201594921	0.1302901516	-0.0908591951	0.1216802387	0.0393960901	0.0260292752	0.1166951722	-0.0655945211	-0.0162920461	-0.0154893976	0.0082686207	0.0164400456	0.0086137775	0.0764722215	0.1406534066	-0.0124617197	0.1151781586	-0.0565253857	-0.0541993479	-0.0428676713	-0.1361719297	0.0486190233	0.1583725623	0.0564452608	0.1318247177	0.1200629196	0.0689787258	-0.0518376153	-0.048656482	0.0086835025	0.0390437906	0.050974088	0.0552707206	0.109914546	0.0393038295	-0.0575933465	-0.0639040583	0.0656765468	-0.1167405798	0.0342861695	0.0155860139	-0.0144813068	0.0039466585	0.0817442037	-0.0514799026	-0.0130242618	0.0578476834	0.0245093867	0.012712854	0.0027923766	0.0574139528	0.0559318328	-0.048077797	0.0561106542	0.030427481	-0.0324105675	0.0256870976	-0.0520506006	0.1356667136	-0.0049075417	0.0308881309	0.0017469084	0.0872025162	-0.0616815893	0.039273974	-0.0859103812	-0.0080001171	-0.0676468113	-0.0111132426	0.216389552	-0.1188964851	0.0843162593	-0.0472767079	0.0171875844	0.0249778372	-0.1087842832	0.1434700418	-0.0253476165	0.0137719107	-0.0335015643	0.0200555057	0.0126053898	-0.0279127709	0.0061229101	0.0039782747	0.0558280767	-0.0500098396	-0.0754601199	-0.0420078838	-0.1038093131	0.2098231667	0.0028422556	-0.003375668	-0.011142739	0.0405337995	-0.0840725754	0.0391140859	-0.0889712056	-0.0993899282	0.0270585	0.0110743999999999	0.00073216242225	0.0001226423353599	0.0450373	-0.0111163999999999	0.0001235743489599	0.00202835839129	0.135446	-0.007135	5.090822500000004e-05	0.018345618916	0.0028512	0.0002886899999999	8.12934144e-06	8.334191609999992e-08	0.000327616	0.0001536229999999	2.3600026128999992e-08	1.07332243456e-07	-0.0007631889999999	0.0005388710000001	5.824574497208473e-07	2.903819546411079e-07	0.0
1723.057604817849	-2.8948184708308418	2968927.509520623	8.379973979063413	2586.174723960929	-8.686739259350816	75.45943895994675	6688299.702854387	1865.249120942102	-6.1973903127639005	3479154.2831752845	38.40764668873984	2022.2194172047173	1297.7097992321096	1.101594	21.281357	0.0825737	0.0506226	-0.0265123457	-0.1735435128	-0.0025778063	-0.0759298551	0.063630341	0.0536632634	-0.0733824181	0.0922462044	-0.0546282241	0.0591444736	-0.0445310349	0.0641560718	-0.1031755571	-0.0661586891	0.0248437624	0.0447476034	0.0408524712	-0.0792504843	-0.0766754116	-0.0287075739	0.093102527	0.080092193	-0.05424335	0.0416386816	-0.2174641298	-0.0544795736	-0.0259598492	0.1521107197	-0.1405523294	-0.1127265049	-0.0825887381	0.0344010085	0.1434604226	-0.1177387649	0.0282608764	0.082844437	-0.0624025295	0.035402003	0.087834937	-0.1101646477	0.0665625228	-0.0014633841	-0.1183200878	-0.1541992252	-0.025456807	-0.0297089388	0.178795759	-0.0094565356	-0.011977665	0.0404885846	0.0068577214	0.0042910158	0.1442962742	0.0213249563	0.1156941082	-0.1232407151	-0.0399493345	0.0404757159	0.0021050775	0.0309695335	0.0505512601	0.0984509319	0.1352130723	0.0007226449	0.0125658931	-0.0772317843	0.0776088103	-0.0663592166	-0.0265008618	-0.0146020879	-0.1586125254	0.1033428336	0.0285991574	0.0613047488	0.009388739	0.0452846285	0.1059469958	-0.0103669228	0.2326275487	-0.0269133753	-0.1168795055	0.0436816726	-0.1340780742	-0.0717819379	-0.1365533495	-0.0882619245	0.0568348086	-0.0717545664	-0.1357617254	0.0530513773	-0.0802330758	-0.123822331	0.051278213	-0.0455959194	-0.031496273	0.1158783685	0.0128830839	-0.014928792	-0.0758652111	0.0161466531	0.0703339819	0.0141381955	-0.0235391304	0.0409839387	0.0455381899	-0.1001157672	-0.1263864841	-0.0943643249	-0.0433204519	0.0913056637	0.0765219212	0.0504365518	0.0947170403	0.0038124933	-0.0757512566	-0.1145986722	0.054949588	0.0511290216	-0.0279260035	-0.0132541307	0.0997655061	0.1283271496	-0.0564272568	-0.0211601783	0.1004486467	-0.0133533038	0.0368302486	-0.0919753525	-0.0955030384	0.0230737	-0.0039848	0.00053239563169	1.587863104e-05	0.0621733	0.017136	0.0002936424959999	0.00386551923289	0.0950506	-0.0403954	0.00163178834116	0.00903461656036	0.00327235	0.0004211499999999	1.07082745225e-05	1.7736732249999993e-07	0.000327616	0.0	0.0	1.07332243456e-07	-0.0007631889999999	0.0	5.824574497208473e-07	0.0	0.0
1721.1598339165696	-1.8977709012795003	2962391.1738877133	3.601534393743207	2582.277851733485	-3.896872227443964	15.185613157024084	6668158.903553302	1867.3227402668265	2.073619324724405	3486894.21631761	4.299897103870496	2019.8444540954151	1298.063296510945	1.044382	20.176094	0.084882695	0.0418679	-0.0218593091	0.0930599062	0.063760069	-0.059724728	0.0372085155	0.0900013004	-0.1368316551	0.1219038044	-0.0447078536	0.0083324521	-0.0144098074	0.1956316397	0.1806354991	-0.0371642096	-0.0606307858	0.0472411651	-0.0211720999	0.0592404649	-0.0334667247	0.019202838	0.0644880129	0.0752216602	0.0231103992	0.0746444649	-0.2028907455	-0.1199578009	0.0651946261	-0.0382551121	0.0242300374	0.0372401365	0.015650346	0.1199160856	0.0214388908	0.0426942281	-0.0448244051	0.0240469656	0.0332058973	0.0245220974	0.0962940429	-0.0477878007	0.1266256276	0.0018471575	0.1906759766	-0.0207964395	0.0139254724	0.0438407089	0.0238698264	-0.0635806768	-0.0178185322	0.0250743093	0.0898113082	-0.0267698666	0.0825858211	-0.1442291192	-0.1152329595	0.0867008761	0.0595070141	-0.0295478968	0.0255767613	0.0392727517	0.0404597166	-0.1016470604	0.224202079	0.0136769694	0.018113462	-0.096035905	-0.0680619364	-0.0055217152	-0.0287225577	0.001437969	0.0070518291	0.2395315454	-0.0656359707	0.06242007	0.0828363611	-0.1045989486	-0.0201468908	0.0564387083	-0.0615406908	-0.0711090583	0.1078404453	0.0213285904	0.0153253548	-0.0736175477	0.0658476819	-0.017214877	-0.0649099175	0.0063349047	0.0641170466	-0.0419833166	0.0043484937	-0.0300721374	-0.0849117134	-0.0214520438	0.035800563	0.0625233721	0.0986270081	0.0316669811	-0.0468124782	-0.0051800847	0.0434694402	-0.036001502	-0.040827159	0.0848428022	0.005986136	-0.1066314401	0.1033255862	-0.0265192953	0.2148637042	0.0034917797	0.0625380726	0.0024209966	0.0144133296	-0.0672127104	0.0112668374	-0.2221000788	-0.0498270526	0.0368724134	-0.0580780155	0.0016090247	0.0285666742	0.1682399222	-0.0228517835	0.0094574633	0.109066601	-0.0163809954	0.0345302564	-0.0948181434	-0.0912392418	0.0478743	0.0248006	0.00229194860049	0.00061506976036	0.0450629	-0.0171103999999999	0.0002927657881599	0.00203066495641	0.0982236	0.0031729999999999	1.006792899999997e-05	0.0096478755969599	0.00366763	0.00039528	1.34515098169e-05	1.5624627840000004e-07	-7.30779e-05	-0.0004006938999999	1.6055560149720996e-07	5.34037946841e-09	-0.0007631889999999	0.0	5.824574497208473e-07	0.0	0.0
1722.6881265051345	1.5282925885649092	2967654.38120177	2.335678236262431	2592.423106149412	10.145254415926956	102.92618716388542	6720657.561297365	1869.234265101675	1.9115248348484783	3494036.737830199	3.6539271942425033	2028.1850683586183	1287.675582753346	0.995655	19.234753	0.071239055	0.0430419	0.0034748094	-0.1073128457	0.1357387643	-0.0150594977	-0.027791075	0.0170046167	0.032183575	0.0558413337	0.0001749469	0.1127506545	-0.0304773184	-0.0289863195	0.1146226607	-0.0614063501	-0.0369505963	0.0238544456	0.0495494379	0.0094931834	-0.0366133239	0.0320785816	0.1182177911	0.0204703182	0.0346806788	0.0171888212	-0.1002624171	-0.0650232476	0.12622388	0.0189983161	0.0389847811	0.0850880213	0.0397911213	0.1191742524	-0.0724058082	-0.0443495651	0.0553390743	0.0373941562	-0.0708867006	0.1010560138	0.0471795974	-0.0162825385	-0.030032265	0.020246574	-0.1183884451	-0.0043783643	-0.0500697574	0.0929735828	0.0845697605	0.0119133901	-0.0151824488	-0.0142745797	0.1539779303	0.0459889084	-0.0263627085	-0.0273496909	0.207901635	-0.1348196092	0.008514953	0.0510703268	0.0512125354	-0.2078147171	-0.0930675426	0.0661016091	-0.0100931762	-0.0412799506	-0.0687279289	0.0594585021	-0.0505397057	0.0066289547	-0.0959298556	-0.0015465421	-0.0813933003	0.1815097605	0.0110498862	0.1205521608	-0.0585036957	0.0113607904	-0.0623765847	-0.0464264149	0.0250272783	0.0581689871	-0.0584826557	-0.0515306002	-0.0761873593	0.0195955509	0.0840338745	-0.0830147364	0.054903987	-0.05993562	-0.0323352287	0.0407085109	0.0034774191	-0.0221253264	-0.0264490134	-0.0349610268	0.0129066569	0.0450176519	-0.1052782799	0.0197067266	-0.1290294044	-0.096100274	-0.0130278331	0.0479921452	-0.0205110723	0.0934649926	0.0793595994	-0.0107443983	-0.0554617614	-0.0902578107	0.0493947184	0.0874455272	-0.0961559853	0.0792495152	0.1193692953	-0.065387691	0.05059097	-0.0450495256	0.0170870771	-0.0462412475	0.0386185635	0.0894634629	0.0478490854	-0.0334040261	0.1573154112	0.098436104	0.0771974062	-0.0602355886	0.032215118	-0.097494591	-0.0866153656	0.0284844	-0.0193899	0.00081136104336	0.00037596822201	0.0450614	-1.5000000000015e-06	2.2500000000045005e-12	0.00203052976996	0.0619445	-0.0362790999999999	0.0013161730968099	0.00383712108025	0.00366763	0.0	1.34515098169e-05	0.0	-0.000330446	-0.0002573681	6.623833889761e-08	1.0919455891600002e-07	-0.000709186	5.400299999989999e-05	5.02944782596e-07	2.916324008989198e-09	0.0
1726.3498705688328	3.661744063698279	2980283.875613026	13.408369588029588	2583.508831150085	-8.914274999327063	79.4642987636275	6674517.880630478	1871.1098341267216	1.875569025046616	3501052.0113657275	3.5177591677143134	2024.702606235736	1307.0088383440027	1.079082	20.84646	0.03706595	0.0245939	-0.0488162557	0.1350975091	-0.0588371054	-0.025792138	0.0897632147	0.063416924	-0.13340089	-0.000395461	0.0459134819	-0.0839327066	-0.066049099	0.1911933603	0.0986805543	-0.050089651	0.177170783	-0.0381412819	-0.0898661548	0.0370596946	-0.0665932021	0.0696657566	0.0380488104	0.0001136401	0.0904149479	-0.048897821	-0.0280689871	-0.0567025566	0.0377342509	-0.0756340499	-0.0095747328	-0.1239545026	-0.0026331531	0.0318813641	0.0460305493	0.0699471398	0.0559943608	0.2119720366	-0.0227670468	0.0558398929	0.0965787363	-0.1337138191	0.0932209056	-0.0046894048	0.0768592904	0.1224476131	-0.1060737285	0.064491654	-0.1177362638	0.087565988	0.0922522522	-0.118906998	0.0616504101	-0.066648725	-0.1285173962	-0.1071151458	-0.020005608	0.1346650424	0.0076268394	-0.1560184353	0.017990925	-0.1065103893	-0.1455163384	0.1192430968	0.1010741617	0.0278175739	0.0357549126	-0.1424767559	-0.0922873706	-0.0245273667	0.0230156452	-0.043649922	0.0892238212	0.1170035878	-0.1716303719	-0.0494729425	-0.0163665087	-0.0643656361	0.028391662	0.061721569	-0.0786145037	-0.1456248091	0.0488634171	0.0980015871	-0.0428375715	-0.0519705055	-0.1014683397	-0.1017339271	-0.0708051594	0.0068775652	-0.166805298	-0.1913968397	-0.0132476991	0.0972150131	-0.0543536052	0.0186207733	0.1723487157	0.054642114	0.0339341763	-0.0812628874	-0.0636617721	-0.0549784249	0.0194922058	-0.1007573021	-0.0615441086	0.0409510663	0.0258955016	0.0412106698	0.0625984118	0.0995419342	0.187511346	0.0281420537	0.0508931085	0.0397218478	0.0813608673	0.0569715287	-0.021506226	-0.1274126944	-0.1012482684	-0.0710184753	-0.0143498155	0.0301205813	0.1104012094	0.0905452827	0.1017690776	-0.0338483794	0.0552462874	0.0209573647	0.0298858491	-0.1	-0.0816496581	0.0284829	-1.5000000000015e-06	0.0008112755924099	2.2500000000045005e-12	0.0607963	0.0157348999999999	0.0002475870780099	0.0036961900936899	0.0805739	0.0186294	0.00034705454436	0.00649215336121	0.00366763	0.0	1.34515098169e-05	0.0	-0.000330446	0.0	0.0	1.0919455891600002e-07	-0.0007631889999999	-5.400299999989999e-05	5.824574497208473e-07	2.916324008989198e-09	0.0
1727.9021603979509	1.5522898291180809	2985645.875907906	2.409603713583441	2593.014440929076	9.50560977899113	90.35661727045178	6723723.8908667285	1873.018174064665	1.9083399379433104	3508197.0803765315	3.6417613187494777	2032.062744030899	1307.8232609216882	0.975141	18.83844	0.05101325	0.034967	-0.0130691838	-0.0278482873	0.0214897268	0.0899392889	0.0832406993	-0.007381631	0.0195896591	0.075397189	0.0743294805	0.0312772238	-0.1254555683	-0.0116930459	0.139194073	-0.0074570872	0.0080364185	0.1702061393	0.0526376087	-0.0264301392	0.0982944613	0.0943332385	-0.0379329509	-0.1197139557	0.0036734821	-0.0854238313	0.0066418713	-0.006511071	0.2028852857	-0.0648313612	-0.089973725	-0.1073629183	0.0834654485	0.0278255905	-0.0695585431	-0.0152161918	-0.0995946882	0.0311850503	0.1274496075	-0.1156519821	0.0460784594	0.1058099671	0.1072653615	0.0200697877	-0.1273017564	0.0982164397	0.101073674	-0.0159531527	0.0548979596	0.1123608123	0.0706044085	-0.1166508857	0.0156650594	0.1209983713	-0.0535395302	0.0796778165	-0.083052294	-0.094715513	0.0348627093	0.1318577519	-0.0842394505	-0.0219693679	-0.0607567518	0.0491391139	-0.1107318522	0.022780714	-0.0058260434	0.0195288371	-0.0523511118	-0.0653640168	-0.0493433673	-0.0406569814	-0.0812501917	0.161351255	-0.1413750548	-0.0722804577	-0.0982114363	0.0407150429	0.0355826359	-0.0151895379	0.0203836066	0.0001382462	0.0220080432	-0.0434655105	-0.0533855108	0.0404445523	-0.0453302154	-0.0364115786	0.1480991766	0.0105161915	0.13517719	0.0220230605	-0.0081984121	0.157728161	-0.0864993195	0.105039123	-0.055005756	-0.1865264731	-0.0288840567	-0.0240758466	-0.0585781762	0.0015556015	0.0052669981	0.0637997532	-0.0239902165	0.0112693487	0.1168174294	0.0431285849	0.0513627466	-0.0017998103	-0.0487249057	0.1156322246	-0.021617021	0.094899372	0.0037052317	0.0751055703	0.0592470804	-0.0501675541	-0.0558882157	-0.1410253129	0.0314869759	0.0465741801	0.0489858555	-0.0051786109	-0.0502100934	-0.0868533305	0.0582609591	0.0467601693	0.0275434712	-0.102329975	-0.0763617167	0.0284829	0.0	0.0008112755924099	0.0	0.06028	-0.0005162999999999	2.665656899999972e-07	0.0036336784	0.0545125	-0.0260614	0.00067919656996	0.00297161265625	0.00317892	-0.0004887099999999	1.01055323664e-05	2.3883746409999986e-07	-0.000330446	0.0	0.0	1.0919455891600002e-07	-0.0007631899999999	-1.000000000015745e-09	5.824589760998474e-07	1.0000000000314906e-18	0.0
1728.8497540512508	0.9475936532999184	2988921.4720830703	0.8979337317742861	2591.060657541076	-1.95378338799992	3.817269527224445	6713595.331057194	1873.15613038852	0.1379563238551782	3508713.8888120945	0.0190319472916348	2029.10455268904	1306.5116996505355	0.881142	17.022516	0.02462185	0.0158509	-0.0190667464	0.0535928293	-0.0610715013	-0.0266264182	0.1024710649	0.0136459919	-0.0067459112	-0.0611119759	0.0883946043	-0.1074152592	-0.0297351643	-0.0250558396	0.03419861	0.1639090869	0.0070431989	0.0392878746	0.1153519692	0.1112696607	0.0274092728	0.0562150434	-0.0268671738	-0.0973600597	0.0308240552	-0.0316097326	0.0312458262	-0.0012483683	0.038351478	-0.0251192508	-0.01988728	0.0046104837	-0.0023995254	0.0140551949	-0.0111380597	-0.0105463477	0.1532770038	-0.0066968996	-0.0074962036	0.0963023036	0.0011606222	0.1096271071	-0.1287850331	0.0426055764	-0.0151117499	0.0187263273	-0.019796318	-0.110272373	0.1534563236	0.03903441	-0.0296000774	0.0373784823	0.0423374516	0.0687985811	-0.0219241364	-0.0663052579	-0.0122498295	0.0703107492	0.0861635524	-0.1224220513	0.1091237844	0.0317155064	0.0339340514	-0.0993752902	-0.0483626612	0.0491844271	0.0423468472	-0.0090305286	-0.0649368883	-0.0080505464	-0.0664393528	0.1456211965	0.0928137706	0.0118040567	-0.0491669067	-0.1118977198	-0.04486489	0.0558034294	0.0507430224	0.0029242323	-0.0181352513	0.1598033855	-0.0130185332	0.089725343	0.0228760923	-0.030068839	0.0886818497	-0.0580250249	0.1466461083	-0.0355038488	-0.0213561656	-0.0984672276	0.022407006	-0.0682748546	0.0260116817	0.0735939957	-0.0087500294	0.1329853363	0.0877776898	0.1247040253	0.0316077248	-0.018663777	-0.1070152378	0.0697083042	-0.0356111796	0.0145653127	0.0605263047	-0.0199875961	0.0746888677	0.0970015399	0.0345870443	0.0783435948	0.1505394556	0.0746457028	0.0027108622	0.0464422008	0.0760284616	-0.063640628	-0.0691753429	-0.1381034147	0.0731921187	0.067545525	-0.0517664403	-0.0150258094	0.066859102	-0.040286415	0.0211958306	-0.0851677117	0.0251890118	-0.1044804285	-0.0707724105	0.0417286	0.0132457	0.0017412760579599	0.0001754485684899	0.0688758	0.0085958	7.388777764000001e-05	0.00474387582564	0.0555378	0.0010252999999999	1.0512400899999995e-06	0.0030844472288399	0.00314382	-3.510000000000015e-05	9.8836041924e-06	1.2320100000000103e-09	-0.000330446	0.0	0.0	1.0919455891600002e-07	-0.0007631889999999	1.000000000015745e-09	5.824574497208473e-07	1.0000000000314906e-18	0.0
1723.6070927763888	-5.24266127486203	2970821.4102690746	27.485497242937967	2591.807063274808	0.74640573373199	0.5571215193479904	6717463.853241186	1865.6751428097537	-7.480987578766417	3480743.7384981946	55.96517515365741	2025.145392683578	1309.2967218252609	1.004838	19.412157	0.07286265	0.0457228	0.0277597719	-0.0187179901	0.1567999339	-0.0157525234	0.0469545321	-0.0295980003	-0.0266491161	-0.0298230211	-0.0536175351	0.0171244714	0.0112180912	0.0500336275	0.0731880596	-0.1069390174	0.0708689124	-0.0328928222	0.0983251772	-0.1755772584	-0.087711492	0.066668508	-0.0886182865	0.1068752523	0.0566839452	0.0487205601	0.0464890413	0.0920205458	-0.0142118134	0.0119214643	0.0193464013	-0.1908192099	-0.0561410891	-0.0019922123	0.0271636877	0.0660085778	0.0838868819	-0.0198714731	-0.0842668431	0.0531404127	-0.0769323821	0.0653030119	0.0551722422	-0.0246642087	-0.0138714747	0.0028356506	0.0688621177	0.0881398202	-0.0481627299	0.0406976841	-0.0116067147	0.234402845	-0.0411646028	0.0733591093	-0.177858652	0.0934756663	-0.111728928	0.1496822901	0.0334651738	0.0151035457	0.025556635	0.0039023862	0.1128658067	0.012194745	0.0618634044	-0.0097748354	-0.0733661251	-0.0176240611	0.0213743368	0.1112953403	0.0616048871	-0.0462023427	-0.0022545861	-0.0247118246	-0.0536336632	-0.0310858854	0.0378389533	0.0042012463	0.0494824665	-0.0228215297	-0.0051082705	-0.053992557	-0.0716975127	0.1350513962	-0.0031598857	0.0111497011	0.0243922093	0.0002546838	-0.0685118597	0.0170876661	-0.0467215217	0.0327166638	0.0318135584	-0.1061297907	-0.0246154665	0.1770927758	-0.0516329095	-0.1001877011	-0.0204068491	0.1015266017	0.1555195767	0.0271651867	-0.0759701019	0.0063558458	0.0053786559	0.0941232832	0.0551923601	-0.0769397997	0.1074589057	-0.1423199606	-0.042177454	0.0233023839	0.0243586968	-0.0168005022	-0.0194872242	0.1159356278	-0.0518898197	0.0507818763	0.0324957908	-0.0661419735	0.0309734481	-0.0218530065	-0.1129576048	0.050837693	-0.0360046564	-0.054184036	-0.06757804	0.1463058914	0.0228235037	-0.1064475877	-0.0649037979	0.0321621	-0.0095664999999999	0.0010344006764099	9.151792224999996e-05	0.0654344	-0.0034413999999999	1.184323395999998e-05	0.00428166070336	0.0314731	-0.0240647	0.00057910978609	0.0009905560236099	0.00385962	0.0007157999999999	1.48966665444e-05	5.123696399999999e-07	-0.000330446	0.0	0.0	1.0919455891600002e-07	-0.0007631899999999	-1.000000000015745e-09	5.824589760998474e-07	1.0000000000314906e-18	0.0
1724.0295552606938	0.4224624843050151	2972277.9074123856	0.1784745506451651	2591.971538056055	0.1644747812470086	0.0270519536662513	6718316.454092672	1868.286003954594	2.610861144840328	3490492.5925726253	6.816595917636948	2027.8784120987889	1301.0963577107254	0.915986	17.695648	0.05289635	0.0391155	0.0367153539	-0.0420597016	0.0105467693	-0.115736604	-0.0077384325	-0.0233137378	-0.0017798217	0.0026142574	-0.096655419	0.0435132998	-0.0251479982	0.0126718714	0.0137766663	0.0975260191	-0.049271324	-0.077388669	0.1863009229	0.0780381055	-0.0894935223	0.0230592275	-0.0384224033	0.0708769962	0.0591961279	-0.0376465095	-0.0814343916	-0.0058543891	0.0515189927	-0.0665203825	0.0594101398	0.0010699305	-0.1095257363	-0.1014057965	-0.013861191	-0.144536981	-0.1146653906	-0.1050880143	0.0329696381	0.0297460806	0.0006450967	0.0489659892	0.1721620697	-0.1159397972	0.1082124959	0.0515799775	-0.0045224776	-0.0033688586	-0.0785927745	-0.0260265704	0.0258113055	0.0912461216	0.0074797802	0.0507796805	0.0934183875	-0.1017637844	0.0054717978	0.0355268321	0.0484966013	-0.0126903726	-0.093908332	-0.1228552297	0.0824919746	-0.1152544661	0.0146575882	-0.0493139775	-0.0745511012	0.0092483069	-0.0131233478	0.1145721635	-0.0490899907	0.0326548222	0.0084089973	-0.0257100295	0.0548682981	-0.0317505514	0.1395437496	-0.0406746104	-0.0143566063	0.1261521655	0.1009542945	-0.1118055312	0.0826462496	-0.0643780041	0.0649589202	-0.0138083702	-0.0103279329	-0.0265269629	0.0904760819	0.0926075422	-0.0487224938	-0.0329259859	0.1143562283	0.0854509748	-0.1120148835	0.1538968305	-0.1088343222	-0.1098381905	-0.0387295893	-0.0442089652	0.0360269744	0.0452710482	0.1250176124	-0.0520226904	0.0286175394	0.1005023629	0.0744686643	-0.0863617559	-0.0335240653	-0.0128105004	0.068303605	0.0745157572	0.0785138089	-0.0673705263	-0.0260213911	-0.0793666455	0.0696699191	0.0333489804	0.0552123887	0.0568617156	-0.0348722669	-0.0040201292	-0.1621944158	-0.0044877287	-0.0226865706	-0.0839985468	-0.1141719197	0.0184119559	0.0204479845	-0.1082280018	-0.0587790397	0.0386225	0.0064603999999999	0.0014916975062499	4.173676815999997e-05	0.0628318	-0.0026026	6.773526760000054e-06	0.0039478350912399	0.0247093	-0.0067637999999999	4.574899043999996e-05	0.00061054950649	0.00460101	0.00074139	2.11692930201e-05	5.496591321000003e-07	-0.000330446	0.0	0.0	1.0919455891600002e-07	-0.0007631889999999	1.000000000015745e-09	5.824574497208473e-07	1.0000000000314906e-18	0.0
1726.7430791152387	2.713523854544974	2981641.661272376	7.363211709184612	2592.7666224245954	0.7950843685403015	0.63215915309713	6722438.758359045	1870.0513587840944	1.7653548295004384	3497092.0844902378	3.1164776740405222	2027.568025581138	1307.8799295810472	0.897915	17.34654	0.02793715	0.0169159	0.0029702381	0.0443991346	0.105858845	-0.0814846991	0.0038808402	-0.0046935527	0.0094172016	-0.0035085012	-0.086926912	0.0392847979	0.1066211571	-0.031013697	0.0808019637	-0.0628391495	0.0546540918	-0.0366839742	0.1162488345	0.0258683655	-0.0049225988	0.0038933152	0.0856648951	0.0249455751	0.0887241453	-0.005954708	-0.0443072887	0.0163305183	0.0167081137	-0.075009198	0.0375531947	0.0178485176	0.1263282333	0.0193018446	0.0737817727	0.0003657378	-0.0901917921	0.0211147731	-0.0360320771	-0.0690778088	-0.0435985106	-0.0217767623	-0.136397568	-0.0940052751	0.0515527112	-0.0665964206	0.0122763891	-0.0630416806	0.0893866292	0.0240076336	-0.1017367122	0.0524621018	0.0653114721	0.0502717607	-0.0277788019	0.0794453055	0.084224299	-0.1314755907	0.2249228705	-0.2226598495	0.0451620101	0.0394588922	-0.0994838121	0.0494758131	0.0211322681	-0.0406431959	-0.0712386281	0.0131977836	-0.0988422524	0.0702418348	-0.1033888887	-0.0484809346	-0.0348664628	-0.0281864231	-0.0121805567	0.004708305	0.068773736	0.0520685389	0.0685253555	-0.1793918743	-0.0213085687	0.0083531285	0.0493474585	-0.0549734726	0.0244870616	-0.0632002984	0.0293572422	0.0621905972	-0.0358755305	0.1230951549	0.103783366	-0.093661192	-0.0534843989	0.0068413999	0.0067698688	-0.0373310758	-0.0298219169	0.0941122213	0.0570344124	0.031731744	-0.1372778519	-0.0712010961	-0.1447390222	0.1052456117	-0.0107709573	0.1496386808	0.0710891382	-0.0074368155	0.0589893769	-0.0579187466	0.0535403266	0.0306671588	-0.0674323679	-0.0697191297	-0.00100777	-0.0087393601	0.0352108545	0.1189198062	0.03802692	-0.0380144729	0.0822926473	0.00610892	-0.0506774448	-0.1125250848	-0.0209958818	-0.0438150635	-0.0111413944	0.0886698954	0.0180634961	-0.1098185471	-0.0524223074	0.0284782	-0.0101442999999999	0.0008110078752399	0.0001029068224899	0.0628434	1.16000000000005e-05	1.3456000000001158e-10	0.0039492929235599	0.0315428	0.0068335	4.669672225000004e-05	0.00099494823184	0.00460101	0.0	2.11692930201e-05	0.0	-0.000330446	0.0	0.0	1.0919455891600002e-07	-0.000982144	-0.000218955	9.646068367359997e-07	4.794129202504375e-08	0.0
1724.5014291828973	-2.241649932341488	2973905.1792538557	5.024994419166599	2593.0157316504533	0.2491092258578646	0.0620554064075046	6723730.584586736	1868.3497018927044	-1.70165689139003	3490730.608562557	2.8956361760151808	2026.777792261969	1313.2008742620856	0.9116550000000002	17.61199	0.0402277299999999	0.0278648	0.0310758845	-0.0154855417	-0.0574197347	-0.1415536197	0.07795758	0.0588557378	0.0501413033	0.0817270293	-0.1041319738	-0.0040396467	0.0222406394	-0.1346327083	-0.0635525656	0.0023422723	0.0138226935	-0.0882030265	0.0947483978	0.0344604707	0.1258258457	-0.0160740383	0.0595571479	0.0693508458	0.0846566002	-0.0904713821	0.0168593395	-0.098058801	0.0567929841	0.0500973445	0.0692486366	0.0366460651	0.0472357762	0.0041358167	0.11900233	-0.0260137621	0.0239440931	-0.0329833461	-0.0285402918	-0.0456058576	-0.0433004332	0.0390943658	0.0841124729	-0.1015032974	0.0395517413	-0.0994694631	0.0252584177	-0.1061369863	0.0358815454	-0.0220198743	0.0146370343	0.0493410765	0.023725523	-0.0275939913	0.0567098456	0.0483994866	0.0806698528	-0.0407179249	-0.1163473742	0.0008674501	0.1832704181	0.1370135003	-0.052057052	0.0747201232	0.0060431741	-0.102019627	-0.0678385089	0.0066646523	-0.0996675576	-0.0216545816	0.0034171649	0.0754369733	-0.0373520397	-0.1044973242	0.0340083361	-0.0669021818	0.135099435	-0.0788064496	-0.0072259434	-0.1406824529	0.0625447818	-0.0960391747	0.0119072317	-0.0025884418	-0.0308087368	-0.0261516879	-0.0179718614	0.0224219441	0.0613509972	-0.0278547267	0.1034207109	-0.0227882282	-0.0703428471	-0.008830368	-0.0243503376	-0.15535525	-0.1154032382	0.097699913	-0.0444361432	0.1455765187	0.0877836964	0.1321803423	0.0355311743	0.0968490082	0.0067357888	0.1164580565	0.0879608094	0.0516025457	-0.063580857	0.0381617104	0.0618464788	0.1015787016	0.0503801984	-0.0860207635	-0.0113790582	0.0242646778	0.0195205562	-0.0008731392	0.0720201207	-0.0229617921	0.0462894278	0.0205474656	-0.2060852339	0.0006121286	-0.0306528957	0.1041291511	-0.1044432701	0.0076565726	0.0156710845	-0.1112164334	-0.0458586883	0.028483	4.800000000002719e-06	0.000811281289	2.3040000000026097e-11	0.0628333	-1.0099999999999e-05	1.0200999999997978e-10	0.0039480235888899	0.00662567	-0.02491713	0.0006208633674369	4.38995029489e-05	0.00468797	8.695999999999964e-05	2.19770627209e-05	7.562041599999937e-09	-0.000330446	0.0	0.0	1.0919455891600002e-07	-0.0007631899999999	0.000218954	5.824589760998474e-07	4.7940854116043744e-08	0.0
1727.1117457878065	2.610316604909258	2982914.982438205	6.813752777864995	2596.848805364096	3.833073713642534	14.692454094217368	6743623.717920932	1872.5413614726767	4.191659579972338	3506411.150425946	17.57001003437388	2031.841350806978	1301.1853002322327	0.928667	17.940626	0.10321753	0.0522022	-0.0208478448	0.0446191475	0.005565763	-0.0172353506	-0.0146228061	-0.0688925218	0.0111504809	-0.0390008869	-0.0571647007	-0.0608364808	0.0872184773	-0.1021528951	0.1255258037	-0.0174266764	0.0569455628	-0.0205587003	0.0113189652	-0.0458075658	-0.0039874672	0.0727673389	-0.0094203252	-0.0482600665	0.1014510949	-0.0470898217	0.075909161	0.0124168632	0.1075779008	0.0560721388	0.0369421846	0.0260268895	0.0235196305	-0.0652905066	0.0890807042	-0.0654711394	-0.0102495434	-0.0668030466	-0.0647070282	0.0752138205	0.019550262	0.0772196704	0.0508904339	0.0196345219	0.0849658369	-0.0656132271	-0.1359835577	-0.1003883613	-0.0477327221	-0.0611559838	0.128112061	0.0422618949	-0.0225940384	0.0004747848	0.1414341423	-0.0111140539	-0.0029405925	-0.0496800433	-0.0167439028	0.0219870018	0.0643985548	-0.0681958651	0.1270125747	-0.0058933333	-0.0935844589	-0.0008470729	-0.0947259619	0.0443060034	-0.1337164462	0.0547569855	-0.0262917744	0.0574483001	0.0280895649	-0.0214462841	-0.0136910611	0.0029601506	-0.0026061116	-0.0810480142	-0.0002506802	-0.1279362343	0.0317349164	0.0412677936	-0.0676069088	-0.0590667792	-0.0485288511	-0.021223897	-0.0186828638	-0.0068215742	0.0211796332	0.0657325783	-0.0305719417	0.0725500538	0.1861494801	0.0102718348	-0.1591402295	-0.071000923	-0.025425872	0.1457613847	-0.0762129307	0.0031692251	0.0641989474	0.0249609116	0.1168510726	-0.0434917384	-0.0161749142	0.0729650631	0.0762068276	0.1023283049	0.0340085837	0.0826657751	-0.007411809	-0.000348044	-0.0584096984	-0.0500089087	0.0249923648	0.0143865023	-0.0634225843	0.0405999518	-0.0394753266	-0.0171942137	0.0325795526	0.0373712385	-0.0050321884	-0.1296970256	-0.0682945032	-0.0593092431	-0.0936090036	0.0844628413	0.013271799	-0.1124192083	-0.0391140859	0.0113358	-0.0171472	0.00012850036164	0.00029402646784	0.0628385	5.200000000010752e-06	2.7040000000111816e-11	0.00394867708225	0.0310035	0.02437783	0.0005942785955089	0.00096121701225	0.00428034	-0.0004076299999999	1.83213105156e-05	1.6616221689999997e-07	-0.00018466	0.0001457859999999	2.125355779599999e-08	3.40993156e-08	-0.00144352	-0.0006803300000001	2.0837499904e-06	4.628489089001361e-07	0.0
1727.2375272528698	0.1257814650632553	2983349.475550608	0.0158209769534589	2592.9375508127305	-3.911254551365346	15.297912165576133	6723325.142414722	1870.022946151174	-2.518415321502744	3496985.8191319164	6.342415731579767	2029.2068683321293	1304.579358974587	0.908839	17.557583	0.0306966	0.0216129	-0.0226914667	-0.0543944722	-0.1059894562	-0.0374703594	0.0740311571	0.0071184674	0.0492488657	-0.0314022786	0.1291171463	-0.0916395833	-0.0480134045	0.0100429912	-0.0209226618	-0.0069259717	-0.0129858398	-0.099900215	0.091776497	0.0323770235	0.0250142583	0.040296337	0.069899123	-0.0730267512	-0.0361520762	-0.0822415853	0.0440956735	0.0798560267	0.0834604714	0.0372249014	-0.0917527301	-0.0907475077	-0.035466013	0.0649530886	0.1043677447	0.0875276715	-0.0177004579	-0.0070177054	0.0254905797	0.0858321868	0.0129567001	-0.0502948772	-0.0507714891	-0.0313809704	-0.0236934418	-0.1032808311	-0.0601092489	0.0892848556	0.0349405273	0.137962639	0.1176904758	0.0705931399	0.0116221405	-0.0216532336	-0.0349460425	-0.1007726391	0.003649513	-0.0067828979	7.56984e-05	0.0836591536	0.0029133927	-0.0634705839	-0.0738279923	-0.1076654702	-0.1064518106	-0.0164951544	0.0775457295	-0.0288297254	0.0387584872	-0.1025158102	0.0374437018	-0.0120022669	-0.0077960288	-0.0036273366	-0.1495562911	0.0226370903	0.1282591467	0.0642386283	-0.0034007637	0.0095597033	-0.0043838305	-0.0458771871	-0.0151692589	-0.0301878322	0.0051528292	-0.0994302463	-0.0927752945	-0.0589807577	-0.028077158	0.0923739668	0.0910211135	0.0262276463	-0.057542113	-0.0581156711	-0.0951496161	0.0031137982	0.0112299631	0.0749995541	-0.0262909902	-0.1007011193	0.1960978847	-0.095591347	-0.0310673072	-0.0322908636	-0.0291126902	0.0335692367	0.0631426136	0.0312308271	-0.023462153	0.0803437648	-0.0848769258	0.0362686421	0.0620620747	-0.0233720655	-0.0836264186	-0.0115601215	0.0340849055	0.0301835508	-0.0253596427	-0.0993192831	0.0469801089	-0.1176606118	-0.0226318047	-0.0598138143	0.0275941003	0.0404285382	-0.0678163803	0.068365865	0.010866692	-0.1134247617	-0.032215118	0.0112667	-6.910000000000076e-05	0.00012693852889	4.7748100000001054e-09	0.0628014	-3.710000000001212e-05	1.3764100000008996e-09	0.0039440158419599	0.0275454	-0.0034580999999999	1.195845560999999e-05	0.00075874906116	0.00388348	-0.0003968599999999	1.50814169104e-05	1.574978595999998e-07	-0.000330446	-0.0001457859999999	2.125355779599999e-08	1.0919455891600002e-07	-0.00144352	0.0	2.0837499904e-06	0.0	0.0
1723.5989930629491	-3.63853418992062	2970793.488887612	13.2389310512213	2587.6210694588035	-5.316481353926974	28.2649739866532	6695782.799107122	1867.6343572851088	-2.38858886606522	3488058.092511761	5.705356771090733	2026.703235550456	1303.384847273902	0.951658	18.384785	0.0392588	0.0244121	-0.062887971	0.0826568642	0.0788154612	-0.0212172075	0.0244605913	-0.052484847	-0.0755414783	-0.0832406283	0.0364101497	-0.0051044421	0.0755437056	-0.0329911786	0.0065674927	-0.1062192558	-0.0536936152	-0.1059012882	-0.0456936298	-0.111862342	0.1448470603	0.0566976014	-0.0377453918	0.0157528578	-0.0014311333	0.0288340449	0.043371486	0.1216227815	0.0207284573	-0.1761590335	0.0066378308	-0.0991111294	-0.0063181834	-0.1585841116	0.1078153885	-0.073939132	0.0871953009	-0.0919784694	-0.1471688631	0.0449025775	-0.0163999445	0.1325926919	-0.1005683464	-0.0541237047	-0.0847278041	0.0632265291	0.023999574	-0.0481481465	-0.1583480871	-0.0975310643	-0.0927438574	-0.0943775237	-0.024781369	0.0471745366	0.095199328	-0.1080888003	0.0198300298	0.0014282411	0.0657166742	0.0822610641	0.0812111038	-0.0572887363	-0.0570058979	-0.0966608287	0.0010213782	0.0248475713	0.0143063531	0.0268564303	-0.0037112027	0.129797283	0.0804789163	-0.1357315718	0.038222163	-0.1210873278	-0.0624430607	-0.026223664	0.0751442895	-0.0958184795	0.0296873666	-0.0538251688	0.0130036191	0.1141964309	-0.064866481	0.1165559172	0.0835831092	-0.0047575595	-0.0427219338	0.0253002549	0.0976918041	0.0652041373	-0.0166962228	0.020452638	0.0911778447	0.0235636351	0.0526147265	-0.0452071688	-0.0950773207	-0.0406006692	0.1365059745	0.1636434258	0.0349503844	0.003460288	0.0688952998	0.0060974975	-0.0375589755	0.0687453459	0.0019668909	-0.0344395624	0.1143040977	0.0151181959	-0.040076065	-0.0355501686	0.0395715016	-0.0316321452	0.0276532308	0.0550475987	-0.0734834177	-0.0004530916	-0.0009894171	0.0172471979	0.0423790042	0.084995528	-0.0956273129	-0.0526637882	-0.0203247548	-0.1302174107	0.0165597698	0.0083593069	0.0084568186	-0.1142313295	-0.0251890118	0.01052	-0.0007466999999999	0.0001106704	5.575608899999991e-07	0.0654897	0.0026883	7.226956890000024e-06	0.0042889008060899	0.0310347	0.0034892999999999	1.217521448999998e-05	0.0009631526040899	0.00429412	0.00041064	1.8439466574400003e-05	1.6862520960000024e-07	-0.000330446	0.0	0.0	1.0919455891600002e-07	-0.00120747	0.00023605	1.4579838009e-06	5.5719602500000006e-08	0.0
1723.1013271893596	-0.4976658735895398	2969078.1837617327	0.2476713217356398	2586.7402443130427	-0.8808251457608094	0.7758529374045511	6691225.0915487	1869.5917278727816	1.9573705876728127	3495373.228930333	3.831299617486612	2027.0169163217668	1290.530758910112	1.006806	19.450186	0.0824961	0.0409738	-0.0268491844	-0.1592303581	0.0017847394	-0.029942533	-0.0332519696	-0.0441306718	-0.0245042544	0.0056812676	0.0525651517	0.0739986394	-0.0413989559	-0.0030450146	-0.0125243132	0.0336523757	-0.0990217423	-0.0347703338	0.0871426889	-0.0238626239	-0.0318161166	0.0227296398	0.1242142718	-0.0452277326	0.010957421	0.0272047634	0.0330486044	-0.0756297834	0.0134561179	0.007121621	-0.1717380252	0.0049256242	-0.0354623399	-0.0604539873	0.0649864614	-0.1123648965	0.1267779176	-0.0527417332	0.0964320246	-0.0464781012	-0.0561911626	-0.0702827563	0.0843584303	-0.0937061177	-0.0448497949	0.0560733841	0.1959471697	-0.0050758606	0.014261372	-0.1146303413	-0.0465267799	0.0912114769	-0.0213611731	-0.0677453447	0.0018288855	0.1116020238	-0.1031478315	0.0498970736	0.0570902902	-0.0017834696	-0.0752846504	0.0172030046	-0.1038964435	0.1258196433	-0.0345123241	0.039655769	0.0018588355	0.0156162477	0.0747433255	0.0087737332	0.008816792	-0.0347331268	-0.0486205051	0.0023561104	0.0590285999	-0.1268707705	0.1439623326	-0.0214469195	0.1149989815	0.075841833	0.1565398067	-0.066033883	0.0993643387	0.0423836752	-0.0259999091	-0.0600326195	-0.035881712	-0.0406936311	-0.0279563301	-0.0324108853	-0.0541098644	0.0915223601	0.0201135681	0.0232373214	0.0441974304	0.0323904332	-0.1331477059	-0.1053753853	0.0331728481	-0.1489417469	-0.0625595139	0.0471080957	0.0502453036	0.0323059721	-0.011655025	0.022903262	0.059846363	-0.047670048	0.0042705298	-0.0470872012	-0.1170596701	0.0939727481	0.0388037311	0.03056773	-0.0066368391	-0.0734851041	0.0886449185	0.0131523106	-0.0261316765	0.0780603046	-0.023554773	-0.2082570758	-0.1199673782	0.1533870251	0.1263520998	-0.1089653502	-0.1630340627	0.001383467	0.0060432357	-0.1148374968	-0.0180634961	0.0284797	0.0179597	0.00081109331209	0.00032255082409	0.0586053	-0.0068843999999999	4.739496335999998e-05	0.00343458118809	0.0104192	-0.0206155	0.0004249988402499	0.00010855972864	0.00424488	-4.9239999999999874e-05	1.80190062144e-05	2.424577599999988e-09	-0.000500736	-0.00017029	2.8998684100000007e-08	2.50736541696e-07	-0.00068627	0.0005212	4.709665129e-07	2.7164944e-07	0.0
1726.6572455157982	3.5559183264385865	2981345.2434922038	12.644555144301798	2591.5496565543804	4.809412241337668	23.130446107128613	6716129.622387127	1870.9924120066	1.4006841338184586	3500612.605786275	1.9619160427307656	2030.5186595175423	1303.05824488019	1.14635	22.145985	0.10769113	0.0558142	0.0081255423	0.1635429566	0.0176742985	0.0550773053	-0.0492954854	-0.0371352115	0.0457925488	-0.0738175276	-0.0033293877	0.1201459116	-0.0305923715	-0.0808661551	0.1464022999	-0.0488036521	0.0736011294	0.0810931994	-0.0279405481	0.1072233071	-0.0138069862	0.0081041894	-0.0437610999	-0.0356313547	0.1031439218	0.0287835312	-0.0056695806	-0.0071956141	0.0083671437	-0.1412886356	0.0237949271	0.0134232002	0.1531515006	-0.1391859141	0.0671349569	0.0558962226	-0.0342938833	0.067589002	-0.0236147574	0.0062609743	0.0375578819	-0.1172349568	0.0452794672	-0.0357005961	0.0666579091	0.1310350876	0.1462952733	0.1241169173	-0.0728944125	0.0638671208	-0.1393366598	-0.0752499284	0.0048741497	-0.1294170887	0.0394635712	0.0985227215	0.0681826171	0.0066206644	-0.2522740491	-0.0168723705	-0.0578074858	-0.1102617312	0.0092536301	-0.0775057141	-0.0902790118	-0.0053901639	-0.0741448849	0.0480521524	-0.0443274548	0.1736223199	-0.0657891314	-0.1454222812	0.0700822359	0.1087979463	-0.018457192	-0.0499916295	-0.0894167509	-0.0259477705	-0.0031406096	-0.1019759516	-0.0900449074	-0.0277241127	0.0413433344	-0.0101575512	0.173700545	-0.0325598199	-0.0989647179	0.0063195571	0.0446739291	0.0508735434	-0.0887461362	0.0334550576	-0.044636462	0.069040508	0.1188342172	0.008162343	0.0790429927	-0.0755527323	-0.1743369367	0.0407844595	0.0320258504	0.1132010603	0.1228838015	-0.0248226069	0.0098631102	-0.0058156384	-0.0087706546	0.0345653614	0.1094195394	0.130245707	0.1060541929	0.0099934944	-0.0173448612	0.0974514853	0.1637205164	0.0035508692	0.3266993637	0.0627746926	0.0274695152	0.2128939638	0.0665908499	-0.2111351627	-0.0886198597	0.0549366448	0.0055556548	0.0582902778	0.1433107645	-0.0474876975	0.003627002	-0.1152422001	-0.010866692	0.0284438	-3.589999999999843e-05	0.00080904975844	1.2888099999998875e-09	0.0347991	-0.0238062	0.00056673515844	0.00121097736081	-0.00828353	-0.01870273	0.0003497921094529	6.861686926090002e-05	0.00339773	-0.00084715	1.15445691529e-05	7.176631225000009e-07	-0.000753642	-0.000252906	6.396144483600002e-08	5.67976264164e-07	-0.0008891399999999	-0.0002028699999999	7.905699395998222e-07	4.1156236899959434e-08	0.0
1735.0815012369144	8.424255721116197	3010507.8159345444	70.96808445475897	2596.5972990842506	5.047642529870245	25.478695109354888	6742317.533611625	1877.4495390433167	6.457127036716656	3524816.7716539623	41.69448956829723	2033.7421836137603	1327.195533035834	1.171891	22.639402	0.0554494199999999	0.0306609	0.0055532403	-0.0173258534	-0.0856885473	0.0339181145	0.097933164	0.0083842624	0.0078975781	-0.0229136139	-0.0279881051	-0.1933882333	0.0279248289	-0.0597426121	-0.0249624408	-0.058164974	0.1237022278	0.1323228959	0.1157351866	0.0226289718	0.0392700947	0.0552857122	-0.0310492022	-0.1963760739	0.0995367273	-0.0968541401	-0.0387367278	0.1212864334	-0.0504672794	0.0875980548	0.2121111382	0.036945266	0.1503085821	0.0042394869	0.0361222217	0.0027650309	-0.0144420109	0.0122303114	-0.0877303414	0.0034420046	0.0542602338	0.0529599596	-0.0035281565	-0.1590188302	-0.1044019276	-0.0737248296	-0.045134001	0.028919417	0.1571689666	-0.0471013827	-0.0257305005	0.0057346831	-0.0021959633	-0.0468080814	0.0756377165	0.0181743936	-0.120402534	0.0161717653	0.0328153924	0.040926147	-0.0741386968	0.0015498131	-0.0492090167	0.0433706136	-0.0930714624	0.0847402057	0.0246359953	-0.1185469913	-0.1877359637	-0.0556282368	0.0288191298	0.080282183	-0.1060067422	-0.0683189045	0.0157512804	0.1203629213	-0.0709783687	-0.1239752786	0.0478212926	-0.209873437	0.0051256549	0.0249437887	0.0401977087	0.0069006896	0.0331634808	-0.0174017328	-0.0440023874	0.0866822839	0.0370732506	0.011873671	-0.0036849754	0.0356048288	-0.0067224326	0.043852886	0.0608633204	0.0944875174	-0.016327289	0.0934068447	0.1105764452	-0.0592809687	0.0593995138	0.0574108723	0.0093746629	-0.0030895407	-0.0212029378	-0.0431219406	0.0564316109	0.1221345649	-0.0063253312	0.0264914367	-0.0547391128	0.0528588695	-0.0140566652	-0.0849271349	0.1102325154	0.2418920026	-0.0569848487	0.0580655348	0.07646665	-0.1042929761	-0.0505498078	-0.0190339612	0.0137010297	0.0204529783	-0.0302076779	0.0371547407	0.0210103681	0.0473294791	0.0012091775	-0.1154447293	-0.003627002	0.010288	-0.0181558	0.000105842944	0.00032963307364	0.0279494	-0.0068497	4.691839009e-05	0.0007811689603599	-0.0108998	-0.0026162699999999	6.844868712899993e-06	0.0001188056400399	0.00325122	-0.0001465099999999	1.05704314884e-05	2.146518009999996e-08	-0.000343599	0.000410043	1.68135261849e-07	1.18060272801e-07	-0.0008891399999999	0.0	7.905699395998222e-07	0.0	0.0
1729.5513039273792	-5.530197309535197	2991347.7129168976	30.58308228239033	2601.051394169239	4.454095084988239	19.83896302611639	6765468.355109741	1875.806216053144	-1.6433229901726918	3518648.9601836144	2.7005104500301167	2035.0342577221195	1318.1977923975649	0.967289	18.686754	0.08851075	0.043017	-0.0050068741	-0.0626174289	-0.0501433955	0.0793935809	0.0970470966	-0.0333080852	0.0630174676	0.0359072254	-0.0126979364	-0.1650852244	-0.041497559	0.0625220633	0.0491103663	-0.1128802015	0.0844611724	0.0482998751	0.108943098	-0.0103964625	0.1324968399	0.0346140221	-0.025718058	-0.1437618659	0.1100831377	-0.0422714606	0.0138733649	-0.014661654	0.0820211957	0.0990456742	-0.0173732616	0.0127352615	-0.1430143808	-0.0681361086	0.0271407348	0.1218947553	-0.005632109	-0.1075663559	-0.0466662554	-0.0410294127	-0.1159768088	-0.2005230894	-0.0016018653	-6.3784e-05	0.0189782322	-0.0416044179	-0.0270042215	-0.0046267582	0.0701127793	-0.1091750954	0.0836040316	-0.0977146627	-0.0956802953	0.0045548935	-0.057914864	0.0442909243	-0.0803368218	0.0463611692	0.0220689067	-0.05070113	0.0699954313	0.062894867	0.0236461788	-0.0334911563	-0.1345302959	0.045237134	-0.0353632879	-0.136762418	-0.0295877922	-0.0495667864	0.0718456	0.1076637104	-0.0023536429	-0.014773363	-0.118147206	-0.0946915927	0.1264927565	-0.0865169127	-0.112811159	-0.088804855	-0.015954077	-0.0472549363	-0.0340437514	-0.0117860131	0.0777257629	0.0558951629	-0.0660577595	-0.0898555171	-0.0474543878	0.0228412205	0.0139656626	0.1198407391	0.0502661135	-0.1372206137	0.1550575021	-0.0606192583	0.1243999391	-0.1021804316	0.0020716881	-0.0662978499	-0.0487765333	0.0103486861	-0.010276439	0.0165463276	-0.0271146728	-0.0439584243	0.0148592957	0.0996330085	0.0082431285	0.0313908554	-0.0804956008	0.0218944203	0.015819408	-0.0352296298	-0.1355409504	0.1250782089	0.1976879215	-0.0842327329	-0.0657750084	-0.0419683914	-0.0565463978	-0.1799097184	-0.0580490739	0.124425013	-0.0213216675	-0.0150870591	-0.0312602632	0.0478309055	-0.0012091775	-0.1154447293	0.003627002	0.00972125	-0.0005667499999999	9.45027015625e-05	3.212055624999995e-07	0.0416143	0.0136649	0.00018672949201	0.00173174996449	0.0106273	0.0215271	0.00046341603441	0.0001129395052899	0.00383217	0.00058095	1.46855269089e-05	3.3750290250000026e-07	-0.000492969	-0.00014937	2.2311396900000003e-08	2.43018434961e-07	-0.00121386	-0.0003247200000001	1.4734560996e-06	1.0544307840006493e-07	0.0
1728.4684015191697	-1.0829024082095202	2987603.0150502333	1.1726776257059783	2596.194040848166	-4.857353321072878	23.59388128573772	6740223.497735528	1872.6674163396751	-3.1387997134688703	3506883.252220314	9.852063641272265	2031.6579383899607	1309.995155475836	0.976126	18.857473	0.03862198	0.0222971	-0.0722666802	0.1159838632	0.0170860978	0.0388179812	0.0475499458	-0.0611847971	-0.0284741027	-0.0912151443	-0.1059352251	-0.2033294835	0.0704553512	-0.0361987351	-0.0358346297	-0.0026399	-0.0014588089	0.0144797705	-0.0689520047	-0.0367305763	0.0825601184	0.028049286	-0.0674817463	-0.0801514168	0.0557441204	-0.0043313172	0.1494998202	0.0876610351	-0.087492697	-0.0382479716	-0.0044494316	0.0819620982	-0.0029194907	0.0237787955	0.0614547171	0.1092243675	0.0242197764	-0.0476433959	-0.0602655584	-0.0334771651	-0.0342426582	0.0173337417	-0.0620087317	-0.0559356013	0.1441735888	0.0789501796	-0.2856147057	0.0970182331	-0.0572341864	-0.0108718183	-0.1175187398	0.0576065971	0.0555500387	-0.0069486034	0.0239565086	-0.0026457476	0.0683406291	-0.1142744364	-0.0766373271	0.0640499461	0.1626017524	-0.0430316998	0.0475294831	0.0337107539	-0.0689988765	0.0690124238	-0.0100043931	-0.0707828373	-0.0560877825	0.0537931878	0.1086593054	0.0941557286	0.1305693666	-0.146899341	0.0053944695	0.0332615233	-0.0187065183	-0.0802132783	-0.0611490924	-0.0946333698	-0.0134641212	0.1277683102	-0.0155368892	-0.0295528514	-0.0687908606	0.0216427757	0.007539401	0.0366070207	-0.178042766	0.1022183622	-0.0124097465	0.0919888654	0.0315343971	0.031917942	-0.0007585285	-0.1354977778	-0.0388435904	-0.0106035008	-0.1060182247	0.0992525051	0.0393606096	0.0224072719	0.0154251309	-0.1701837536	-0.0511649932	-0.0221647975	-0.0398430722	0.0242388381	0.1021370147	0.0590562586	-0.0575174577	-0.0430763416	0.0719612559	-0.0381235836	0.0929159018	0.1375096285	0.0151085765	0.0083467302	-0.0450627918	0.0440112385	-0.1375484734	0.0442006408	0.0292421984	-0.0613019451	-0.0491644382	-0.1262446474	0.0645055712	0.0938697603	-0.003627002	-0.1152422001	0.010866692	0.00764131	-0.00207994	5.83896185161e-05	4.3261504036000025e-06	0.059528	0.0179136999999999	0.0003209006476899	0.003543582784	0.00760596	-0.0030213399999999	9.128495395599994e-06	5.78506275216e-05	0.00381525	-1.692000000000013e-05	1.45561325625e-05	2.862864000000044e-10	-0.000522471	-2.9502000000000044e-05	8.703680040000025e-10	2.729759458410001e-07	-0.000948142	0.0002657179999999	8.98973252164e-07	7.060605552399998e-08	0.0
1721.1722906963334	-7.296110822836226	2962434.054260864	53.23323313910792	2588.0455324032328	-8.148508444933213	66.3981898771479	6697979.677792332	1865.6387679345696	-7.028648405105514	3480608.0124204187	49.40189840259229	2024.779730527307	1298.0389017137345	1.144994	22.119787	0.0440810299999999	0.0228342	-0.00688514	-0.1848357956	0.1253574334	-0.0007983805	-0.0250456045	-0.0634288964	-0.0278401021	-0.025376126	-0.080068346	0.0379684835	-0.0937269478	-0.0419890264	-0.0886949651	0.0304958709	0.0050770132	-0.1387498449	-0.0597198147	-0.0406199919	-0.0205763868	-0.1832223463	0.0270122598	0.0457485715	-0.0422391275	0.0525802802	-0.0716924375	0.0942508774	-0.0267206945	-0.0881402966	0.0637408734	0.1111337474	0.1248407717	-0.052553021	-0.0368059937	0.101524838	0.0067287556	-0.1004340848	0.2020631038	0.0016987309	0.0638973297	-0.0607617429	-0.0990489258	0.039078219	0.0980049985	0.1511440246	-0.0384498767	-0.0253132242	-0.045843118	-0.0797021714	0.1080795943	0.0482871206	-0.0149797633	0.1032414486	-0.1142215465	0.0994816355	0.0338101533	-0.1626270012	-0.0933269682	-0.006495768	0.0309937819	-0.1388263509	0.0537550863	0.1280774201	0.0250156592	0.0235164138	-0.0154507572	0.0894189003	0.0617902195	0.0792926392	-0.0410314011	0.0585702346	-0.0827636735	-0.0542556623	0.1199063594	-0.0110698402	-0.0389663629	-0.0899011245	0.1504743261	0.0121885745	-0.2036777593	0.0674813223	0.1231769343	-0.1499622169	0.0429629582	-0.0680707303	0.0243849135	-0.0222385959	-0.0688658591	0.081289929	0.1057100074	0.0887207005	0.0653253084	0.0232425458	0.0069286308	-0.1498489592	0.01364596	-0.1005393922	-0.0440686124	-0.0213790601	-0.1249246192	-0.0563338208	-0.0486844102	-0.0875799791	-0.0094802867	0.0187784272	-0.0060093759	-0.0831370153	-0.0435919063	-0.1451733287	-0.1631790076	-0.0338255972	-0.0002837018	0.0097748323	0.033780341	0.0485296969	0.0398502362	-0.0042245241	-0.1274100703	-0.0037517516	-0.0660934138	0.0138539927	-0.0397793164	0.0543841177	-0.0967885664	0.0385541831	0.0330818453	-0.0115623741	-0.0060432357	-0.1148374968	0.0180634961	0.0139034	0.00626209	0.00019330453156	3.92137711681e-05	0.063843	0.0043149999999999	1.8619224999999995e-05	0.004075928649	0.00759442	-1.1539999999999988e-05	1.3317159999999973e-10	5.76752151364e-05	0.00412645	0.0003112	1.7027589602500003e-05	9.684544000000013e-08	-0.000617431	-9.495999999999994e-05	9.017401599999991e-09	3.81221039761e-07	-0.00121183	-0.0002636879999999	1.4685319488999997e-06	6.953136134399993e-08	0.0
1721.1052734943128	-0.0670172020206791	2962203.3624499333	0.0044913053666805	2589.9524810441067	1.9069486408739067	3.63645311893084	6707853.854066524	1865.6952579481044	0.0564900135348125	3480818.795530044	0.0031911216291633	2023.669615488761	1291.2554056036524	1.10925	21.429264	0.0695061799999999	0.0366334	-0.1037378095	0.0471456156	-0.0679765904	-0.0898130439	-0.0925548103	-0.0971546281	-0.0455394267	-0.0756301039	-0.0668349467	0.0183336037	-0.0253254053	0.0621330976	-0.0695455869	-0.0080924074	-0.0276027114	-0.2749761172	0.0971283129	0.0397871676	-0.1002226219	-0.0419652653	0.0030394091	0.0467519891	-0.08536555	0.0834105591	0.0896038872	1.35e-05	0.030694576	-0.1158951787	0.0381247629	-0.0326652949	-0.0745916533	0.1314470211	0.1039944394	0.0816654069	0.0924292164	-0.0359844735	0.1294845611	-0.1424861212	-0.0921038069	0.00396066	-0.0058466538	-0.0961425308	0.0268330658	0.0267614264	-0.1526850031	-0.0032558311	0.0380516154	0.0251357509	0.0773234206	-0.0727541511	0.0378762118	-0.1034786804	0.0449223705	-0.1329963028	0.100737608	-0.0513853012	0.1244698956	-0.1017790752	-0.0625217865	-0.067526801	0.092342939	0.1266962009	0.0691350685	0.0729722937	0.0321092603	0.0330510274	0.1181287818	0.0293410906	-0.042846043	-0.0039539541	0.0872716094	-0.118266419	-0.1313579806	0.0406827779	0.2950846759	0.0793005225	-0.048002973	0.0318186422	-0.0558170817	0.049502438	-0.0608535808	0.0272462191	-0.1000892426	-0.0233793033	-0.0510581155	0.0361570925	-0.1952859508	-0.0624202577	0.0283720624	-0.0307087966	-0.0060265979	0.1535399643	-0.1213361934	-0.0671069573	0.1048483875	-0.0677851896	-0.0358966605	0.0055370769	-0.1626792401	-0.0687235312	0.0587319121	0.0255851832	-0.0621065479	0.0147815339	-0.0283410099	-0.1244380639	-0.068847888	0.0633659477	0.0632457246	-0.030980277	0.1180649728	-0.0282935329	0.0010661614	-0.098629543	0.1341746833	0.0857097973	-0.0439952633	-0.0289939087	-0.0107545706	0.0115289866	0.0787494409	0.0363974778	-0.051929948	-0.0691188016	-0.0233968026	-0.0299496356	-0.0084568186	-0.1142313295	0.0251890118	0.0284232	0.0145198	0.0008078782982399	0.0002108245920399	0.0638497	6.699999999998374e-06	4.488999999997821e-11	0.0040767841900899	0.0354536	0.02785918	0.0007761339102724	0.00125695775296	0.00449662	0.0003701699999999	2.02195914244e-05	1.3702582889999965e-07	-0.000655911	-3.8480000000000025e-05	1.480710400000002e-09	4.3021923992100004e-07	-0.00107807	0.0001337599999999	1.1622349249e-06	1.7891737599999975e-08	0.0
1725.7775626271962	4.672289132883407	2978308.195667466	21.830285741260376	2590.769692064833	0.8172110207265177	0.667833852396877	6712087.597321711	1866.130331628014	0.4350736799094647	3482442.414622081	0.1892891069499634	2023.4039920649627	1297.5240351241575	0.970494	18.748672	0.0544352999999999	0.03107	-0.1316553851	-0.0090397939	0.1181670654	0.0133854091	-0.0656742028	-0.1294065479	-0.0656182351	-0.0329219806	-0.06976225	0.1023238815	0.0470509608	0.0069334558	0.0112490039	0.0042728923	0.0866504497	0.0920060459	0.0894278875	0.0141873692	-0.1753913843	-0.0233501333	-0.0068923637	0.0257860931	-0.0745152734	0.1801364815	-0.0494869874	-0.0822632869	-0.0204542515	-0.1155249197	0.095764219	-0.110234177	-0.0440103104	0.1007318681	-0.1050640486	0.0261693251	0.1372389702	0.0234153136	-0.0151300485	0.0191161837	-0.0586557895	0.1482893842	-0.0543080174	0.0589919835	-0.00668297	-0.0602611607	-0.0036112968	0.0601302829	-0.077072769	-0.1666749009	0.139452917	-0.1165995117	0.0552987212	-0.0106665361	-0.0097617341	0.0757479112	-0.0735926466	-0.035978262	-0.0023838886	0.0855833662	0.1038119061	-0.0070577875	0.0293238197	-0.0441526604	0.1315685212	0.131424489	-0.0101068389	0.0896277378	0.0120620089	0.0355611455	-0.1546091747	-0.0801144812	0.0003598048	-0.0126575048	0.0154587355	0.0947989502	-0.0077719974	0.1361598192	0.0161152036	-0.0095882217	-0.0460076532	-0.0327476573	0.0107519214	0.0335262609	-0.1329853891	0.1044080559	0.0161234569	0.0427194555	-0.0889503012	-0.1293192742	0.1170346271	-0.0488691853	0.1920494283	-0.1671281884	-0.0257593951	-0.0042784857	-0.0087001344	-0.0058077387	0.0025764719	-0.0790794811	0.0275088123	0.1053350498	-0.0067994129	-0.1425067173	-0.0881802654	0.0483459206	-0.0032919687	-0.0589877317	0.0609890639	-0.1192187565	-0.008834962	-0.0264633901	-0.0882363891	-0.1201984538	-0.0312566027	-0.0720130587	0.0477181311	0.1614901261	-0.027723009	-0.0024293611	-0.0100184831	-0.0849148381	0.1322451043	0.090134495	0.0075282411	0.0529256316	0.0872084331	-0.011671579	-0.010866692	-0.1134247617	0.032215118	0.044678	0.0162548	0.001996123684	0.00026421852304	0.0413382	-0.0225114999999999	0.0005067676322499	0.00170884677924	0.0354836	2.9999999999995308e-05	8.999999999997183e-10	0.0012590858689599	0.00450308	6.459999999999799e-06	2.02777294864e-05	4.173159999999741e-11	-0.000352971	0.00030294	9.177264360000001e-08	1.24588526841e-07	-0.00107469	3.379999999999876e-06	1.1549585961000002e-06	1.1424399999999164e-11	0.0
1723.4537276833275	-2.3238349438686328	2970292.751465557	5.400208846344931	2588.3239594432366	-2.4457326215965622	5.981608056341593	6699420.919027913	1866.4494080101017	0.3190763820878146	3483633.392661259	0.101809737606249	2022.9082068891184	1303.591293927315	1.009412	19.500515	0.0446585	0.0217874	-0.1214573192	-0.0504068991	-0.1399904462	-0.0770068978	0.0116107321	-0.0084682722	-0.0282903664	0.2078486946	-0.0222213792	0.0484121476	-0.0100455428	-0.082362648	-0.1632953666	-0.0617157074	-0.0294335886	0.0835528984	0.0308798954	0.0937323113	-0.0460035725	0.0033992503	0.1519942461	0.0859670176	-0.0191524302	0.0578824403	-0.0052030963	0.062685539	-0.0288322972	0.0530323478	0.1463949949	-0.1229778472	0.0932992494	-0.0053040672	-0.1951258987	-0.114728376	-0.0531866573	0.0391672175	-0.0271868415	-0.0032162552	-0.0320289816	-0.20595665	0.0958792029	-0.1716630334	-0.0885335084	0.0359702716	-0.1058689134	0.0434245121	0.018618548	0.1311309988	0.1161668587	-0.0535003329	-0.0323315944	0.0705441261	0.1327428231	0.1491326483	0.0522769914	-0.0239396221	-0.0429707283	-0.003684459	-0.0779484899	0.1051371674	0.0008978712	-0.0656536849	0.1291692451	-0.0067047673	-0.0421425218	0.0644401516	-0.0304035829	-0.1376297376	-0.0135671658	-0.0155046022	-0.1942575981	-0.1242417408	-0.0495815981	0.1321254981	-0.0085639635	0.1464343563	0.0124494264	-0.0574800334	-0.1297846924	-0.1810707671	0.070447918	0.0130461637	0.0047783619	0.1731680156	-0.1414812122	0.0544988823	0.1303687834	0.057886327	-0.0846516864	0.1368438221	-0.0787207014	0.0990641046	0.0016575589	0.0313522406	0.1419926257	0.126872852	-0.1518261497	0.0384308166	0.0553311913	-0.0063232401	0.1086500627	0.0322697609	-0.1089618689	-0.0009986824	0.0195688691	0.0050165563	-0.1901975115	0.0396085421	0.0545959068	0.0973135227	0.0125613691	-0.0789060719	0.0766683145	0.023880285	0.0300443047	0.0430269788	0.1324591654	0.0528813483	0.0188383522	0.0394461983	0.1075678279	0.1143912768	-0.107547166	0.0635856448	-0.0256807964	-0.0481919321	-0.013271799	-0.1124192083	0.0391140859	0.0284227	-0.0162553	0.0008078498752899	0.00026423477809	0.0490348	0.0076966	5.923765156000008e-05	0.00240441161104	0.0354587	-2.489999999999437e-05	6.200099999997196e-10	0.00125731940569	0.00470534	0.00020226	2.21402245156e-05	4.0909107600000053e-08	-0.000440176	-8.720500000000003e-05	7.604712025000006e-09	1.93754910976e-07	-0.000950521	0.000124169	9.03490171441e-07	1.5417940561000036e-08	0.0
1727.4520050555775	3.998277372249959	2984090.429770535	15.986221945446037	2592.0358897361616	3.7119302929249898	13.7784264995342	6718650.053680335	1873.187225039887	6.737817029785219	3508830.380052632	45.398178326863714	2032.3972076672123	1305.4466621996423	0.976426	18.863272	0.0737831999999999	0.0382305	-0.1040610022	0.0016211303	0.026254601	-0.0092818062	0.0259130185	-0.0784322785	-0.0167622422	0.0680916926	0.0112163384	0.0048377198	0.1207654276	-0.0344663157	0.0581982916	-0.0531350721	-0.1357441205	0.0741697363	-0.0473137572	0.0978565532	-0.0208533378	0.0625858214	-0.0111314323	-0.0829212583	0.0743576959	0.0124884246	-0.0097176069	-0.2098806306	0.0631845113	-0.0005821732	-0.0159261009	-0.0834867795	-0.1010657852	-0.0419507079	-0.0786855952	-0.0636860371	-0.0660805474	0.0143920185	-0.0830191593	0.1305690991	-0.0226575732	-0.0259798413	0.0191383697	-0.0602401664	-0.0334677142	-0.0188157739	-0.0475261667	0.0194161413	-0.0491065994	-0.0567798598	-3.80452e-05	-0.0596451573	-0.0865603968	0.0374911424	-0.032871669	0.0551251838	-0.0512453838	-0.0225651754	0.0230998031	-0.0027309872	0.0511874532	0.0251269557	0.0133823993	0.1786345535	-0.0515837294	0.0706753166	-0.0689932095	0.0164534293	-0.1698652894	-0.0480957976	-0.0788865172	-0.0827734374	0.0257786458	0.0793099529	0.0161094778	-0.0316134551	-0.0048306941	0.0529400952	-0.2169667395	0.1050617559	0.0002777444	-0.1146862159	-0.0379072445	-0.0095766512	-0.0243468085	0.0324087622	-0.0369162782	-0.0211812451	0.018009837	0.0366902269	-0.1091670963	0.0558329954	-0.0006506854	-0.0851033022	-0.0203859972	-0.1728874567	-0.0552585521	0.01729999	0.0301016808	-0.0543521289	-0.0149369563	0.0520121973	0.1143827869	0.0125425672	-0.1041612347	0.0363076328	0.0043575567	0.1054720107	0.053887702	-0.0014630568	0.0118217193	0.0102844366	-0.0916205749	-0.0859832404	0.0150818816	0.0583590166	-0.0780050428	-0.0187938692	-0.045431478	0.0754652392	-0.0704366633	-0.0580834092	0.1348783511	0.0189643468	0.085693408	-0.0995468114	-0.0639203917	-0.0446608088	-0.0156710845	-0.1112164334	0.0458586883	0.030502	0.0020793	0.000930372004	4.323488490000011e-06	0.0413754	-0.0076594	5.866640836000005e-05	0.00171192372516	0.00279575	-0.03266295	0.0010668683027025	7.8162180625e-06	0.00447569	-0.0002296499999999	2.00318009761e-05	5.273912249999984e-08	-0.000584618	-0.0001444419999999	2.0863491363999985e-08	3.41778205924e-07	-0.00120406	-0.000253539	1.4497604836000002e-06	6.428202452100005e-08	0.0
1731.7795458680523	4.327540812474808	2999060.3954869574	18.727609483635124	2602.482988565656	10.44709882949428	109.14187395322077	6772917.705773627	1874.6316595996177	1.4444345597307802	3514243.859173217	2.086391197344653	2034.4269523709	1314.4401602644837	0.937859	18.118212	0.0819043	0.0476323	-0.0687342317	-0.0717915338	-0.1156095053	-0.066027374	0.1244186258	-0.0183767797	0.1099437946	0.0811698611	0.0096012763	-0.1746312673	0.0015500691	-0.0924469811	-0.1004473919	-0.0551543143	-0.0823324793	0.0469013723	0.1582094364	0.0415723233	-0.0315930546	0.0387072182	0.0361588715	-0.1315016009	0.0972749672	-0.0529593539	0.0617813841	0.0357714616	0.0486224102	-0.0354916217	-0.0766338108	-0.0442035769	0.060115691	0.1550527665	0.0070287222	0.0637045755	-0.1764210654	0.003357319	-0.0114259748	-0.1364486561	0.0604918475	-0.0963920581	-0.168900084	-0.0091155355	-0.0185110625	-0.064061951	0.1243238163	0.0766826064	-0.0561443822	-0.1183793939	0.0095982169	0.0372395662	0.1178386196	-0.0036083497	0.0888876716	0.0877745433	-0.0716910414	-0.0358588099	-0.0533403117	-0.0472934178	0.0527092718	-0.0857736624	-0.0199753667	0.0039766521	-0.1420525458	0.0347578868	-0.0431630955	-0.0441875243	-0.1221765886	-0.1241582027	0.0150395877	0.0103686247	-0.0776250452	-0.0519380198	-0.0963726923	0.0318016565	0.075592266	0.1226789173	0.0431094571	-0.0469203141	0.0193455784	-0.0692768678	0.0165585959	-0.0416951073	0.0390144252	-0.1088695868	0.1738372935	0.1775484231	-0.0694901686	0.0512613249	0.0523632203	0.0283849675	-0.1183599415	-0.0505951837	0.0075307638	-0.2113659915	0.0174013383	-0.0920081677	-0.0277571255	-0.0316875625	0.0557278547	0.0315780598	0.1137895044	-0.0524334743	-0.0785384601	0.0263274175	0.0115871357	0.0668332239	-0.0504315218	0.0907750711	-0.0851714497	0.0817411098	0.0669491812	-0.0732704566	-0.005451512	0.0261257918	0.0040208367	0.0113045251	0.0871679954	0.0381283472	0.0272563102	-0.0746052389	-0.0061412117	-0.0115337045	0.0808793913	0.0040429058	-0.0228310156	-0.030162276	-0.0180634961	-0.1098185471	0.0524223074	0.0284324	-0.0020696	0.00080840136976	4.283244160000005e-06	0.0672141	0.0258387	0.0006676384176899	0.00451773523881	-0.0349273	-0.03772305	0.0014230285013025	0.00121991628529	0.00454702	7.132999999999966e-05	2.06753908804e-05	5.087968899999951e-09	-0.000648007	-6.338900000000007e-05	4.018165321000009e-09	4.1991307204900004e-07	-0.0013948	-0.00019074	1.94546704e-06	3.63817476e-08	0.0
1725.0265072539496	-6.753038614102707	2975716.450728761	45.603530523562206	2584.3048374624664	-18.17815110318952	330.4451775303904	6678631.492931904	1868.9044606458008	-5.727198953816924	3492803.8830217714	32.800807856601665	2025.4894968563376	1317.8454315223262	1.051353	20.31076	0.0380034499999999	0.022255	-0.0683176536	0.0842762502	0.0390127018	0.0508117629	0.082617504	-0.031362017	-0.1064912566	0.038560158	0.0511228418	-0.0898972381	-0.0061286344	0.0130846784	0.0087988237	0.043387336	-0.0909289305	0.0214946259	-0.0021902623	-0.0936522539	0.0843926865	-0.2376532058	0.0489549997	0.004485142	0.0315621843	-0.0070795763	0.106177042	0.054507439	-0.0780160417	-0.0214582761	-0.0334336962	0.017573804	0.0735853818	0.0689144527	-0.0500745296	-0.0218423555	0.0474596368	0.0528270228	-0.0469342005	0.0071211465	-0.1629622955	0.0067345697	0.082031536	-0.1089428488	0.0001403685	0.0716732267	0.0533755112	-0.0224552853	0.0778316126	-0.044862194	-0.0325604487	-0.1026303518	-0.0132210968	0.0191866064	-0.0601897168	-0.0753569617	-0.0154667113	-0.0200232122	-0.1011079811	0.126895965	-0.0388408377	0.1542268051	0.0391302701	0.0812166059	0.0612844421	0.0645634386	0.0028787696	-0.0286402379	-0.0203912495	0.040568159	0.1904653284	0.0367111122	0.1092320433	-0.0733881312	-0.0122084514	-0.0826925112	-0.0579350332	0.0876944648	0.0395309155	-0.0826373455	0.085237565	0.0329921403	0.1317404259	0.0702585286	0.0413116448	0.1059438466	-0.0639485386	0.0306468593	0.0886869047	-0.0186219242	-0.0303647691	0.0377053533	-0.1055146064	-0.0321395097	0.0210425986	0.0095512692	0.0442146255	-0.1097741081	0.0418388735	-0.0285714903	-0.1652147683	0.076836667	-0.0401251238	-0.0705119756	-0.0702781296	-0.0029398577	-0.0628718915	-0.0169884391	0.0916553658	-0.0080779082	-0.0307282142	-0.0758149369	0.0710067124	-0.0646644188	0.0066678377	0.1229884631	0.0451073464	-0.1113566308	-0.0434190763	-0.0010007352	0.0536137259	0.0348356057	-0.0614726225	0.0338678297	0.041765579	0.1224968081	-0.08446335	0.0047390514	-0.0204479845	-0.1082280018	0.0587790397	0.0284445	1.2100000000001e-05	0.00080908958025	1.4641000000002418e-10	0.0511327	-0.0160813999999999	0.0002586114259599	0.00261455300929	-0.0272115	0.0077158	5.9533569640000027e-05	0.0007404657322499	0.00432805	-0.0002189699999999	1.87320168025e-05	4.794786089999989e-08	-0.000583094	6.4913e-05	4.213697568999999e-09	3.3999861283600005e-07	-0.0013948	0.0	1.94546704e-06	0.0	0.0
1725.09494596401	0.0684387100604908	2975952.572590571	0.0046838570347439	2591.6870261867	7.382188724233856	54.49671036020549	6716841.641704462	1869.9652827545688	1.0608221087679794	3496770.1587073742	1.1253435464509427	2029.5713678106376	1305.587500485402	0.909693	17.574072	0.0266815499999999	0.0170603	-0.1137089045	0.0240099601	0.0095225195	0.0359729221	-0.0016811946	-0.1454244272	0.0260640555	0.0487143202	0.1394896102	0.090433798	-0.0637989514	0.0014060027	0.0983153409	-0.0293089215	-0.0876201506	0.0329460522	-0.0541161701	-0.0620834683	0.2070681271	-0.0595660998	-0.0136984381	-0.0583716219	0.0061531845	0.1452467798	0.0836476649	0.0255933318	0.0030021444	0.124002086	-0.0548258021	0.1175881687	-0.0817089721	0.039056036	0.1192912509	-0.0483015224	0.0560971934	-0.0145440354	0.0232522745	-0.0724829777	0.1259486879	0.0904725681	-0.037669489	0.0423568091	0.0975664268	0.0622601005	-0.0195626343	0.152829609	-0.0031928657	-0.017058176	-0.0019064127	0.0335859502	-0.0896532444	-0.0112531182	-0.0950965809	0.0304968197	0.002407661	0.0960108641	0.2471139139	0.0185028197	-0.0127904195	-0.063701726	-0.0852250829	-0.085846318	-0.0559435018	0.0935406782	-0.0608477215	0.0942774717	0.0897216822	0.0366628934	0.0579928766	-0.0235987423	0.015990205	0.1037537321	0.0107133565	-0.0260529319	0.004564246	-0.1017680951	0.002281855	0.0244251607	0.0424089371	0.0065269278	-0.1677073827	-0.0080126502	-0.0953818536	0.0125112715	0.139580945	0.0540804671	-0.0272180369	0.0375849152	0.0964484869	0.0179814622	0.0525149818	0.0835580036	0.1162893676	0.0242755139	0.0155957619	0.1162188853	-0.0686940729	-0.0818978047	0.0727354586	-0.0600982546	-0.1131720549	-0.0585622114	-0.0958024893	-0.0265183365	-0.025143452	-0.0244061698	-0.0009091052	0.0065776401	-0.0716094241	-0.0155078368	0.0985323598	0.0738966517	0.1257424408	-0.0688120357	0.0584165909	0.0069100929	-0.0561322156	0.0799853292	-0.0192667645	0.1076413031	-0.0187869969	-0.1000440573	-0.0087875029	-0.0935900345	-0.0455986124	-0.0016702081	-0.0228235037	-0.1064475877	0.0649037979	0.0308662	0.0024216999999999	0.0009527223024399	5.864630889999995e-06	0.0514706	0.0003378999999999	1.1417640999999673e-07	0.00264922266436	-0.0161765	0.011035	0.0001217712249999	0.00026167915225	0.00433125	3.2000000000000778e-06	1.87597265625e-05	1.0240000000000498e-11	-0.0008376329999999	-0.0002545389999998	6.479010252094907e-08	7.016290426888325e-07	-0.0013948	0.0	1.94546704e-06	0.0	0.0
1728.1959650252277	3.1010190612175847	2986661.293529478	9.616319218034793	2590.5144980096243	-1.1725281770759466	1.3748223260370425	6710765.364398056	1871.47743828008	1.5121555255111616	3502427.8019913705	2.286614333333937	2029.9528714514208	1300.9922631412612	0.910116	17.582258	0.03292815	0.0174248	-0.1234153104	-0.0185424317	0.0172397303	-0.0473897231	-0.028483938	-0.1211100847	-0.0205178361	0.0197050781	0.1267630523	0.0052533255	0.0943333457	0.1011573343	0.0016967222	-0.0503408142	-0.0921713688	-0.1129178756	-0.0190045271	0.0733161585	0.0029714117	0.1119716481	-0.0376299802	-0.0822014035	-0.0047219413	0.1617964154	-0.0128576816	0.0352118168	-0.0590572642	-0.0754425617	-0.0981348539	-0.0710523952	-0.1189551312	0.0803601029	0.0305235729	-0.0437157691	0.0294498709	0.141358601	-0.0414134244	-0.0371949016	-0.0613353034	-0.0033829574	-0.0185952028	0.1104644861	-0.0402244809	0.0172842127	0.0063097906	-0.0613512535	-0.0321744737	0.1365260209	0.0067271285	0.0767780045	-0.0612812573	-0.1154811587	0.0182184541	-0.1227930039	0.1053524939	-0.0746083795	0.037582616	0.085773455	-0.0883597548	0.0139585838	-0.088662092	-0.0641340114	-0.0045841324	0.1362206532	-0.0132752009	-0.0171550402	0.0287875482	-0.0009561989	-0.0464538797	-0.107872037	0.084496774	0.00418714	-0.059751249	0.0743048093	0.0341112684	0.0290786848	0.0492093317	0.0958506019	0.122445148	-0.0106998065	-0.1079237705	0.0118863825	0.0320825746	-0.0189914681	0.0964217739	-0.074797583	-0.0148885242	-0.0204227382	-0.0569387221	-0.0119799908	-0.0640309613	0.0166054998	-0.0585988883	0.084568962	0.0730325506	0.0131682386	-0.0555855809	0.1598871834	0.0807502674	-0.0550374804	-0.1512378279	0.0117748912	-0.0936349494	-0.003308416	-0.0492776908	-0.0748958686	0.0232711112	-0.0026116429	-0.0673037098	-0.0349266605	0.0349015447	-0.1097111734	0.031950758	0.0679137493	-0.0713378337	0.0679505871	0.0445494602	0.1035372779	-0.0531022481	-0.0315773999	0.0205388599	-0.009556476	0.1619274936	0.0281169479	-0.0345955829	-0.0181882229	-0.0251890118	-0.1044804285	0.0707724105	0.028454	-0.0024121999999999	0.000809630116	5.818708839999999e-06	0.0496015	-0.0018690999999999	3.4935348099999944e-06	0.00246030880225	-0.0260852	-0.0099087	9.818233568999998e-05	0.00068043765904	0.00421009	-0.00012116	1.77248578081e-05	1.4679745600000089e-08	-0.00058403	0.0002536029999998	6.431448160894927e-08	3.410910409000001e-07	-0.0013948	0.0	1.94546704e-06	0.0	0.0
1728.0941716982202	-0.1017933270074991	2986309.466257357	0.0103618814232556	2593.9090952324523	3.394597222827997	11.52329030523155	6728364.394329639	1870.229377758497	-1.248060521582829	3497757.925430936	1.5576550655336034	2029.2058509890871	1324.2566418141062	0.965594	18.654016	0.04499025	0.0286301	-0.0673229417	-0.1145911871	-0.0276557961	-0.0269722582	0.0591346574	-0.058396301	0.0758997603	0.11020153	-0.1032361207	0.0354199229	0.0078655271	-0.0560083606	-0.0624716016	0.0566175081	-0.0058496524	-0.0132855314	-0.0580584216	-0.0024517883	-0.1002646615	0.0063123773	0.0557891999	0.0290682995	0.10192025	0.0883410249	-0.0006361615	0.029089127	0.0186120689	-0.0177037879	0.0503961972	0.0760819884	0.0484329754	-0.0195859007	-0.14475231	0.0459787801	-0.0390867368	0.0088603873	-0.0420085172	0.0499708508	-0.0475736745	-0.0304781152	-0.0249557625	0.0471389088	0.0576514786	-0.0379919979	0.0949367213	-0.0746052929	-0.0374010468	0.1136656481	-0.0575530813	0.0485856463	0.012648687	0.1918318145	0.05722467	0.1593856342	-0.0442572065	0.0133008424	-0.0768126836	-0.0796560028	0.0726305319	-0.0617190488	-0.0686991027	0.058211781	0.0204858011	0.0162598297	-0.1404800137	0.0263642165	-0.0182633538	-0.0473941227	-0.0530026877	0.0406139091	-0.1239575584	-0.113674146	0.0481033936	0.0159194122	-0.0240482695	0.0097419831	-0.004197066	0.0241613511	-0.0941671116	-0.0012045413	0.1305463773	-0.0958765744	0.0727625536	0.1237004548	0.0536337193	-0.0553892325	0.0362832071	0.0578199475	0.0211620036	-0.0788295301	-0.0650548673	-0.1992162176	-0.0229302004	-0.0065789274	0.0156234285	-0.0456622288	0.0435122848	0.0074781186	0.0839945379	0.0083693907	0.0626352748	-0.0166245236	-0.0950880173	0.0212718614	0.0083104959	0.0438599104	-0.1623979513	-0.085856054	-0.0226098013	0.0249284699	0.013411506	-0.087554794	0.0497766248	0.0058357065	0.0101300854	-0.0170211152	-0.0439654799	0.0986347109	0.0192480575	0.0458728229	0.0142837383	0.0009688885	-0.007192495	-0.0583965608	-0.0029670307	-0.0632048361	-0.0275434712	-0.102329975	0.0763617167	0.0418127	0.0133587	0.00174830188129	0.00017845486569	0.0465412	-0.0030603	9.365436090000012e-06	0.00216608329744	-0.0247993	0.0012858999999999	1.6535388099999988e-06	0.00061500528049	0.00470534	0.00049525	2.21402245156e-05	2.452725625000001e-07	-0.000634487	-5.0456999999999954e-05	2.5459088489999953e-09	4.02573753169e-07	-0.0013948	0.0	1.94546704e-06	0.0	0.0
1722.937617098005	-5.156554600215259	2968514.032411352	26.590055345001147	2587.373066565555	-6.536028666897437	42.71967073450509	6694499.385588843	1869.9154977871508	-0.3138799713462958	3496583.968864568	0.0985206364123515	2028.6234463199448	1302.3763269618878	0.968538	18.71088	0.0728056	0.0380464	-0.0895012502	0.0253636625	0.0199541073	-0.0737740477	-0.0312565713	8.81473e-05	-0.0584465954	0.0927317727	-0.0396509966	-0.1528822941	-0.0197314354	0.0205209629	0.1171891621	0.1072604726	-0.063631558	-0.022245182	0.0086943236	-0.0797023596	0.037646401	0.0506682882	0.0311555475	-0.0118703954	0.0644081186	0.0601811516	0.1495312205	-0.0337593431	-0.0221395461	0.0785801447	0.1130425567	-0.0671440841	-0.0493825175	0.0434786947	0.1442163282	0.0641715239	-0.000523767	-0.0044381538	-0.0169355905	0.0931639558	0.0021299693	0.0935450508	0.0983821678	0.1509110856	-0.0259732943	0.0132226759	0.0665038503	0.0038155809	-0.0198753677	0.0074111185	0.0140969616	0.0248242119	-0.0250736838	-0.0166142195	-0.1317934057	0.0360325733	-0.0727687202	-0.0202541364	-0.0925819669	0.0591901253	0.0190171821	-0.0062978114	-0.1164715059	-0.0391625983	0.0123919223	0.0271054912	-0.0775858276	0.0523694724	-0.1165897938	-0.0390484976	0.1642667848	0.0355970434	0.0781068924	0.0378453849	0.0070187684	-0.0529490378	-0.0031392821	-0.0286459008	0.0655232448	0.0554349112	-0.0455459203	0.0246065844	-0.0919106431	-0.0762769843	-0.0553619823	0.0015508249	-0.0780673861	-0.0060109668	-0.0262357479	0.0133439128	0.0230233627	-0.0446705428	0.119099651	-0.0179013179	-0.0246210361	0.1410073043	0.0123191179	0.0216192145	0.0358285738	-0.0488745679	0.1323463438	-0.027398414	0.0076772559	0.0525470653	-0.1182088769	0.0404156209	-0.0236180886	0.0665503083	-0.0210686521	0.036733999	0.0919185273	0.0012410091	-0.0745108775	-0.0808751883	0.0056153264	0.0360992993	-0.0752559762	-0.0654351367	-0.1907326201	0.085205024	-0.0012873748	0.0696947893	-0.0542610122	-0.0449514189	0.1214632506	0.1252842948	-0.0866557621	-0.0546212886	-0.0298858491	-0.1	0.0816496581	0.0721847999999999	0.0303720999999998	0.0052106453510399	0.0009224644584099	0.0496075	0.0030663	9.402195690000006e-06	0.0024609040562499	-0.0329537	-0.0081544	6.649423936000005e-05	0.00108594634369	0.00463538	-6.995999999999999e-05	2.14867477444e-05	4.894401599999998e-09	-0.000794553	-0.000160066	2.562112435600001e-08	6.313144698090001e-07	-0.00178903	-0.0003942299999999	3.2006283409e-06	1.554172929e-07	0.0
1729.2378803650204	6.300263267015453	2990263.6468893085	39.69331723370422	2597.2022786327625	9.829212067207663	96.61340986214076	6745459.676135214	1871.571392738793	1.6558949516422672	3502779.478118225	2.7419880908743464	2031.6523187807768	1297.3554685906367	0.980942	18.950527	0.05495905	0.0257193	-0.149792006	-0.0468994204	-0.0301647657	0.0603230699	0.0403360759	-0.1429740194	0.0493483692	0.0066136455	0.0378630556	-0.0676280258	-0.0179201906	-0.0963648795	0.0296599017	-0.0049593595	0.0476837501	0.0321842355	-0.0056149549	0.1087719624	-0.0057165017	-0.0515442546	-0.0208773374	-0.0861380566	0.0312805243	0.0064627775	0.0545542798	-0.0526803509	-0.0414994461	-0.0183011576	0.0767560807	0.0143880521	-0.0139923071	-0.2230717189	-0.0155683904	0.092343125	0.1678504944	-0.0205492282	-0.011989795	-0.0466622466	0.0222851922	-0.1240660528	0.0297175847	0.022010455	-0.1275384317	0.0813103302	0.1491019585	0.0311437056	-0.0401039078	0.06369481	-0.0461324889	-0.0034826861	0.0568774592	0.0128707587	0.1449413959	-0.0397337028	-0.087309211	-0.1611354004	-0.0816286014	-0.0916901727	-0.145543503	-0.0369170702	-0.0478931606	-0.0701727796	-0.0823754385	0.1019761585	-0.0555012488	0.0613385462	-0.0121859732	-0.0743782172	-0.0137251648	-0.014466883	0.0099096706	-0.0551305199	0.0790969783	-0.0760307439	0.0401997329	-0.0417687861	-0.0022242821	-0.0782553643	-0.1513274488	-0.0734229079	-0.0503368209	0.0415191863	0.1652169501	-0.0593441894	-0.0012722611	-0.1354315349	-0.0133940627	-0.1974075063	-0.103908717	0.0093172923	0.0351048774	0.0128892068	0.0236483829	0.0691983573	-0.0449221702	-0.0524922268	0.0625948218	0.0036736569	-0.0573032287	-0.0964413953	0.0031367524	-0.0762421124	-0.136174701	0.0047960548	-0.0015924384	0.1053933107	0.0382838894	0.0718350074	-0.0468633945	0.0189250431	0.0006074322	-0.0602917359	-0.062451295	-0.1498154072	0.0978052915	0.0511200103	-0.0093974088	0.0473466112	0.0423045478	0.0372118212	-0.0467058046	-0.0521464308	0.0439648594	0.0296084284	0.0339879782	-0.0577787629	-0.032215118	-0.097494591	0.0866153656	0.0548304	-0.0173543999999998	0.00300637276416	0.0003011751993599	0.0650887	0.0154812	0.00023966755344	0.00423653886769	-0.0385268	-0.0055730999999999	3.105944360999997e-05	0.00148431431824	0.00470534	6.995999999999999e-05	2.21402245156e-05	4.894401599999998e-09	-0.00097548	-0.000180927	3.2734579329e-08	9.515612304e-07	-0.00170891	8.012000000000015e-05	2.9203733880999995e-06	6.419214400000024e-09	0.0
1730.2832819646983	1.0454015996779162	2993880.2358465274	1.0928645046091463	2587.1519844324657	-10.050294200296776	101.008413512519	6693355.390552846	1871.9735278796527	0.4021351408596274	3504284.889082193	0.1617126715141923	2029.6418551499823	1318.2015046493143	0.976441	18.863564	0.03609005	0.0205224	-0.1238744244	0.0762457294	0.0341576778	0.0059247561	0.0416474985	-0.0937854899	-0.0895242389	-0.1077072929	-0.009044441	-0.0646077714	0.1120548653	-0.1255391454	-0.0859747342	0.1248744208	0.0670094718	0.0481512675	-0.0177022162	-0.0476547951	0.0194705502	0.1029834945	0.0533184884	-0.08192097	0.0344135205	0.1111298441	-0.0440020021	0.1688019805	-0.1602343282	-0.0526751877	0.2038820051	0.062418803	-0.0173353688	-0.0077937673	7.0021e-05	0.0492728561	0.0443445847	-0.0143808504	-0.0210917641	0.010003357	0.0226520584	0.0776643529	-0.0235554999	0.1077079588	0.0976200944	0.0040992917	0.0482757507	-0.102696065	0.1161900828	0.157351879	-0.0199435818	0.0878337785	-0.0550244273	-0.0591104865	-0.054830393	0.0039457985	0.105042902	-0.1360304746	-0.0222124303	0.0366214887	-0.0050321003	0.1324835542	-0.0472380041	0.0142930203	-0.010293859	0.1180738264	0.0123402891	0.0252910911	-0.0836182207	0.1270005836	0.0140826423	0.1101248382	0.0076807149	-0.1597011203	0.0932406593	0.0248774872	-0.1430002599	-0.0562849655	0.1195904882	0.0395634085	-0.0892093858	0.055592205	-0.1079195634	0.045551905	0.073942803	-0.0059420538	-0.0508071394	0.0098137937	-0.0186594906	0.1010777948	0.0184086166	-0.0873975786	-0.0774839819	0.024259699	-0.0124572752	0.0475505085	0.0395939856	0.0144165332	-0.0878790347	-0.0476705106	0.0261392805	-0.0172252516	-0.0786738426	-0.0719527168	-0.1343511656	-0.008152404	-0.068598497	-0.0457027288	0.0630425168	0.0494174703	-0.0778983442	-0.0112526034	0.0213456202	-0.0522229181	0.0197601752	0.1596801245	-0.0162476444	0.0358688307	-0.0584894346	-0.0054215776	0.0385776437	0.0444855106	-0.0184752647	-0.1353561925	0.1111621808	0.020363803	0.1339640188	0.0372277117	-0.0345302564	-0.0948181434	0.0912392418	0.0621996	0.0073691999999999	0.00386879024016	5.430510864e-05	0.05797	-0.0071186999999999	5.067588968999998e-05	0.0033605209	-0.0395933	-0.0010664999999999	1.1374222499999957e-06	0.0015676294048899	0.00437046	-0.00033488	1.91009206116e-05	1.1214461440000005e-07	-0.000909897	6.558300000000003e-05	4.301129889000003e-09	8.27912550609e-07	-0.00171916	-1.025000000000006e-05	2.9555111056e-06	1.0506250000000122e-10	0.0
1728.5345236414016	-1.74875832329667	2987831.599420207	3.0581556732993804	2594.537860932064	7.385876499598453	54.551171667320695	6731626.711809931	1873.9819406308911	2.0084127512384384	3511808.3138107206	4.033721779337154	2034.001993648747	1306.6070060321847	0.972804	18.793295	0.05756545	0.0282134	-0.1155630388	-0.1183438633	0.0068455689	0.0410674269	0.0850132058	-0.1319073412	-0.0024149441	0.0273602413	-0.0732638097	-0.0787738325	-0.0618478588	-0.0185047671	-0.0688371725	-0.019940291	-0.02445407	-0.0605822152	0.0583823166	-0.0748784855	-0.0777001949	-0.0166562217	0.0566732443	-0.1066052371	0.0858662252	0.1276123321	0.0408601292	-0.020956474	0.0136082608	-0.0191204763	0.0837747583	0.129979311	-0.1148736779	-0.0977054332	0.0187224227	-0.1144094669	-0.0966888152	-0.0167453461	0.164561694	-0.1740962197	0.0257123032	0.0200015584	0.0467301369	-0.1088599869	0.0206532952	-0.0265079203	0.0824624568	0.0172552667	0.0554008635	0.1253375857	0.0840671731	-0.0209265845	0.0302640033	-0.0141811324	-0.0196425486	-0.0180179452	0.1252255424	0.0594439333	-0.0139212756	0.1115697921	-0.0636640336	0.024980775	0.065815946	-0.0794812183	-0.068657133	0.1215437189	-0.1003541688	-0.011933035	0.0034488147	0.0136600744	0.0172680536	0.0185062968	-0.0673797586	-0.028299274	0.0466693397	-0.0152000092	0.0864108071	-0.0709003844	0.0701275805	0.1141649388	0.0889566559	-0.0082715613	-0.0524888466	-0.1181957345	0.0476645797	0.1293868554	-0.085175588	0.0630175779	0.0821834984	0.0011797379	0.0499562849	-0.0543204691	-0.0967907636	0.1079712056	0.079508119	0.0341656633	-0.0455570578	-0.0209482815	-0.1117128858	-0.0517189114	-0.1328237269	0.0042175283	-0.0955803729	-0.0300201401	-0.1190776115	-0.0095528432	-0.0250830531	0.0241129747	-0.0160041915	-0.0440015619	-0.1302080656	0.0216703029	0.1296211788	-0.0402821535	-0.023708533	-0.0589140815	0.0614061056	-0.0425436649	-0.0012699026	0.1177595941	0.0247934004	0.0408802678	-0.0396796963	-0.0892646787	0.0627046888	-0.0636849467	-0.0805749987	-0.0020244307	-0.0368302486	-0.0919753525	0.0955030384	0.0621942	-5.400000000002625e-06	0.0038681185136399	2.916000000002835e-11	0.0638417	0.0058717	3.447686089000001e-05	0.00407576265889	-0.0577795	-0.0181862	0.00033073787044	0.00333847062025	0.00458643	0.00021597	2.10353401449e-05	4.66430409000001e-08	-0.00112481	-0.0002149129999999	4.6187597568999984e-08	1.2651975361e-06	-0.00148	0.0002391599999999	2.1904e-06	5.7197505599999995e-08	0.0
1725.991718808014	-2.542804833387663	2979047.4133938425	6.465856420699661	2594.2068830931184	-0.3309778389457278	0.1095463298731841	6729909.3522877125	1871.1009499406168	-2.8809906902743023	3501018.7648686785	8.300107357447201	2029.8297244984208	1311.33436923451	1.063934	20.55381	0.0398333999999999	0.0270889	-0.1343906796	0.1279549082	0.0811673383	-0.0732671931	-0.0433142063	-0.144511346	-0.04461251	0.0196859677	-0.1137677975	-0.0676357174	0.1905246443	0.0101777467	-0.0158568578	0.0047519088	-0.0616077858	-0.0123126546	-0.0963384643	-0.0852141313	-0.0981007696	0.0091758119	-0.1203600742	0.0289770947	0.1394431186	0.0926613498	0.0929170017	-0.0409901545	-0.1454721074	-0.0808096075	-0.0015138419	-0.0513297331	0.0396048648	0.1385127547	-0.1665429496	-0.0189330952	0.0056372431	-0.0176772013	0.1073194279	0.1164832561	0.0109383731	0.1336260083	0.0857846772	-0.1144647927	-0.0038233704	-0.0325809806	-0.0073577591	-0.0889387658	0.056413022	-0.1625569479	-0.0524594189	0.0403297203	0.0151266089	-0.0266436362	-0.0367438392	-0.0598954123	0.0991112309	0.0182470671	0.0298574454	-0.0171913457	0.0768998347	-0.0297492559	0.0339772787	-0.0779415721	0.0634792576	0.0966974202	-0.1541038482	-0.0413872024	-0.0549411611	0.054390481	0.0452734492	-0.0307052288	0.1644593972	-0.1072661396	0.0614350636	0.0582932937	-0.0595540166	0.1343981048	0.015567211	0.1190222813	0.0099421425	0.0090773188	0.067444179	0.0265470043	-0.0608844095	-0.0300286738	-0.0064523848	0.031391329	-0.0216827644	-0.0378036525	0.0874618009	0.0140889713	0.027478541	0.0285703653	-0.0805998823	0.0512154405	-0.1016789774	0.0842809987	0.0382470652	0.0685560415	-0.1916677518	0.0584043044	-0.0432633786	0.1107429488	-0.1215469442	0.0371730011	-0.0934707433	-0.1429360459	0.01834051	0.0132928322	0.0693809682	-0.1038821161	-0.012745379	-0.1283531709	-0.0460745671	0.0968564808	0.0183588918	0.0497163279	-0.0033182912	0.1543902338	0.0387737147	0.0769709749	0.0225914244	-0.0895964014	0.0100937677	0.146840271	-0.0621826479	-0.014856597	-0.0391140859	-0.0889712056	0.0993899282	0.0621905	-3.6999999999953737e-06	0.00386765829025	1.3689999999965766e-11	0.0608732	-0.0029684999999999	8.811992249999993e-06	0.00370554647824	-0.0321803	0.0255991999999999	0.0006553190406399	0.00103557170809	0.00460193	1.549999999999989e-05	2.11777597249e-05	2.4024999999999656e-10	-0.00106803	5.677999999999998e-05	3.2239683999999982e-09	1.1406880809e-06	-0.00163296	-0.0001529599999999	2.6665583616e-06	2.3396761599999985e-08	0.0
1723.721138076754	-2.2705807312599973	2971214.56185262	5.155536857169184	2586.3379080207987	-7.868975072319699	61.92076868878882	6689143.774465402	1866.434573095568	-4.666376845048717	3483578.015646436	21.775072860006816	2025.715201676961	1305.5623480857937	1.151377	22.243107	0.0260639	0.0143171	-0.1851740775	-0.1734340113	0.029695264	0.1077471338	0.0812266041	-0.0493208063	-0.0058328748	0.1380933574	-0.084670683	0.1221514666	0.0912600611	-0.0509068388	-0.0804862482	0.1249848112	-0.0349045564	-0.0429547926	-0.0585185784	-0.0938236973	0.0416342978	-0.0032115155	-0.0013885384	0.0835845435	0.0746685591	0.1402856765	0.1016099642	-0.0453321769	0.1341635928	0.0904295547	-0.0548310819	-0.0166286623	-0.0719520715	-0.0989800161	-0.1335582452	-0.0488020917	0.0561739601	0.1421748112	-0.038328343	-0.0347714842	-0.0025826921	-0.0535210373	0.1114073669	-0.0283384276	-0.1372991037	0.0122376655	-0.0157808661	-0.1180401178	0.1399377198	0.0314734606	0.0588734843	0.0608282667	0.0755996088	0.0193748569	-0.1089682977	0.142269834	-0.0134416915	0.016651166	0.037338159	-0.006690967	0.0992873433	-0.0894435234	0.1402520628	-0.0939734505	0.0637882339	0.0066122017	-0.1591326354	0.1227243535	0.018334431	-0.0484310896	-0.0675532064	0.0039392449	-0.0764212154	-0.0898732582	-0.0199669068	-0.1420757924	-0.0387645588	-0.0468951868	-0.0565686387	0.0678607105	0.1221264944	-0.0728532783	0.0009324123	-0.0282858812	-0.1368802485	0.1870462995	0.00894317	-0.0719093718	-0.0572926305	-0.0307552586	0.0495963002	0.1245698111	-0.1044018324	-0.047024775	0.027790752	0.0260184953	0.0280991964	0.0548640052	0.1067146457	0.1619333292	-0.0571488094	-0.0867380487	-0.0811965868	-0.0410852153	-0.2031433465	0.0089656018	0.0159551345	0.186311775	-0.1064215628	-0.1927230577	-0.0603827981	-0.0313897768	-0.0188413421	-0.047506147	0.0568414413	-0.0542265499	-0.0133728707	0.0402662504	-0.1067299547	0.0314595288	0.0458831025	0.0461668523	0.0402084379	-0.0164568273	-0.0374712725	0.0278575146	-0.0502912278	-0.0535780884	-0.0413807664	-0.085810973	0.1028845713	0.060171	-0.0020195	0.003620549241	4.078380250000002e-06	0.062807	0.0019337999999999	3.739582439999998e-06	0.003944719249	-0.0198227	0.0123576	0.00015271027776	0.0003929394352899	0.00470534	0.0001034099999999	2.21402245156e-05	1.0693628099999992e-08	-0.00106666	1.369999999999887e-06	1.87689999999969e-12	1.1377635556000002e-06	-0.00172324	-9.028000000000008e-05	2.9695560976e-06	8.150478400000017e-09	0.0
1716.512007769123	-7.209130307630858	2946413.4728155863	51.97155979240178	2594.885618148916	8.54771012811716	73.06334843431668	6733431.371276082	1864.4297643066184	-2.004808788949731	3476098.3460324327	4.019258280250087	2023.745237988224	1279.6664374840273	1.499156	28.961737	0.1175569999999999	0.0832066999999999	-0.1049601455	-0.0087126694	-0.034072932	-0.1899852554	-0.3600340908	-0.1807580916	-0.0048668428	0.1172985277	-0.1257790099	-0.0297205966	0.0409111209	-0.0677704689	-0.1682551479	0.0452863404	0.064281108	0.0053236978	-0.1376031307	0.1310681885	-0.0285072739	-0.1021211819	0.08491366	0.0552348666	-0.0485066931	0.1133953949	0.1652297025	0.0119752763	-0.0167924883	-0.1040326426	0.0228547111	-0.0348282034	-0.0541500684	-0.0129465918	-0.0123502773	-0.0011999816	0.0713077578	-0.0062631757	0.0624388975	0.0539070189	0.0292008666	-0.0849544067	-0.1859114045	0.0745700172	-0.0107747639	-0.2079675495	-0.0812660219	0.0900129198	0.0036040711	0.0167395556	0.0492009765	-0.1178536436	0.0739779976	-0.012067433	0.0902996148	0.012482831	-0.092386027	0.0700264592	-0.0068967383	0.143452531	-0.1688082314	0.0180689982	0.0383148172	-0.1235618135	0.086969759	0.0762134739	-0.1005265803	0.1602868136	0.0347938294	-0.1171537009	-0.0316891103	0.0180023721	-0.0387024664	-0.1741293971	-0.0681217462	0.1315357864	0.0552100161	0.030291695	0.0119136485	0.0086381736	-0.1288665151	0.1003644177	0.016956545	0.1664715834	-0.0806392981	-0.0789259238	-0.0536320473	0.0282773264	0.0516373429	-0.0134678718	-0.0099293501	-0.0642196003	0.0484707997	-0.056537989	0.1528935319	0.0043993592	-0.0244728374	-0.014136137	-0.0083349582	-0.1814299456	-0.0303461911	-0.09245945	-0.1070347315	-0.0178629679	-0.1270982335	-0.0233205368	-0.056286565	-0.3322448527	-0.069243733	0.1832156335	-0.0627712886	0.0559931011	-0.3382220688	-0.1306550222	-0.306726728	0.0497494872	-0.0915430923	0.0042476972	-0.0912422873	0.1028897101	-0.0263058206	-0.010355507	-0.0491355795	0.0405983248	-0.2729556853	-0.0041202613	0.193731311	-0.1101864748	-0.043629296	-0.0825001988	0.105973176	0.0667542	0.0065831999999999	0.00445612321764	4.333852223999997e-05	0.0661702	0.0033631999999999	1.1311114239999978e-05	0.00437849536804	0.0596689	0.0794916	0.0063189144705599	0.0035603776272099	0.00434717	-0.0003581699999999	1.88978870089e-05	1.2828574889999977e-07	-0.00112481	-5.814999999999987e-05	3.3814224999999843e-09	1.2651975361e-06	-0.00157718	0.0001460599999999	2.4874967524000003e-06	2.133352359999998e-08	0.0
1720.8896290537111	4.377621284588031	2961461.11538462	19.163568111278163	2558.411860297185	-36.47375785173108	1330.335011826715	6545471.246909302	1866.0041929479405	1.574428641322129	3481971.648099295	2.478825546615445	2020.4046709972583	1291.723603885522	1.44314	27.879585	0.54933025	0.361137	0.1595958684	0.0754156065	0.0148174841	-0.0985952213	-0.5950439457	0.0626446766	-0.397937706	-0.307994595	-0.1562154268	0.100531505	-0.1444410879	-0.1805568903	0.0122320881	-0.0741327821	-0.3320146627	0.1121037522	0.1154040292	0.2309607373	0.116375425	-0.0548361464	-0.0922559351	-0.0637872175	-0.2465343751	-0.0394051504	-0.0694973868	0.0982235737	0.2058433003	0.072709977	0.2004789303	-0.2307376941	-0.0741876456	0.1724800864	-0.1163601186	-0.0959423003	0.1434485979	-0.1813824257	-0.1165249935	0.0036996439	-0.1434935596	-0.1200816503	-0.0403512827	0.0747364735	0.1295466841	0.1283186997	0.037513258	-0.0374048469	-0.0352323018	-0.0402648578	-0.1719622714	0.0279531659	-0.066049166	0.0277538804	-0.0040403278	-0.1250605949	0.0708858807	0.0716622655	0.0872009017	-0.1213584303	-0.1280887158	0.0229535842	0.0559413307	0.0614921646	0.0246094866	0.017066747	0.3457265257	0.272294909	-0.233928727	0.3611583381	0.1233110767	0.1489240858	-0.2200292445	0.0649054875	-0.087681669	0.0338620525	0.061213543	0.2390483174	-0.1362072287	0.1779675412	0.0055956933	0.0473504783	-0.0680136347	0.0853820336	0.0518487573	0.0439890259	0.134546502	-0.1104490169	-0.0005187945	-0.065196707	-0.0064818917	0.0069401926	0.0620455871	-0.0111967994	-0.0179485315	-0.0476057365	0.0426969086	-0.03495065	0.0248223952	0.0420615914	-0.0169786197	0.0118463404	0.0377421115	0.1706425389	0.1863571381	-0.0890231608	-0.021264876	-0.38151538	0.0552072444	0.2625684109	-0.0458308962	0.0737029948	-0.4596382888	0.0344876126	0.1863824965	0.1188872573	0.0246074565	-0.1084969478	0.0986091516	-0.1989723956	0.0166534823	0.074033927	-0.0213616322	-0.036679414	0.1887545779	0.0026791181	-0.1517762395	0.1595956241	-0.0458586883	-0.0790446912	0.108643553	0.0114175	-0.0553367	0.00013035930625	0.00306215036689	-0.0119498	-0.07812	0.0061027343999999	0.00014279772004	-0.282212	-0.3418809	0.11688254978481	0.079643612944	0.00420934	-0.00013783	1.77185432356e-05	1.8997108900000067e-08	-0.00112481	0.0	0.0	1.2651975361e-06	-0.000235157	0.001342023	5.5298814649e-08	1.8010257325290004e-06	0.0
1735.3209957608424	14.431366707131248	3011338.9583284017	208.26434503569612	2580.32351517918	21.91165488199522	480.1206196676649	6658069.44298664	1871.55798264656	5.553789698619539	3502729.282408061	30.84458001649251	2025.5359555219263	1347.5242024170218	1.776978	34.328888	0.2735062	0.154102	0.0308261469	0.0229398676	-0.1755343165	0.1331306262	0.1545761207	0.1464178051	-0.0678700576	-0.0469808237	0.0596045734	-0.0861851828	0.1382137385	0.0384839995	-0.1843694265	-0.236290589	0.1704666942	0.095098714	-0.0664218519	0.1132223559	0.0579814447	0.0093112042	-0.0297719405	-0.1420859767	-0.0830931821	-0.0349526615	-0.2122624422	-0.0883870211	-0.0361052031	-0.0408221402	-0.0575844732	-0.0992592463	-0.1190610577	-0.1215981952	0.1028119216	0.0441840844	-0.0996794005	0.0927189954	-0.0363295888	0.0114378871	0.0035531786	0.0077577144	-0.0267108947	0.0460406915	-0.044189925	0.0153307394	-0.1057779386	-0.178553785	0.1444216557	-0.0665804372	0.00020864	0.0516670209	0.0173768059	0.0072673351	-0.0161159606	0.0335989642	0.0516403302	-0.0891518166	-0.1052470448	-0.0742979674	-0.0159642541	0.0813856887	0.0897121689	0.0374934538	0.0633721005	0.0712054987	0.2301443311	-0.1773504135	-0.09961344	-0.0701650403	-0.1425305306	-0.0284211834	-0.1271101614	-0.086479185	0.0467110345	-0.0595008913	-0.0815487437	-0.1341016127	-0.0483910742	-0.0396371721	0.0945280883	-0.0481352032	-0.1618370285	-0.0692635416	0.0153320173	-0.1356760137	-0.1481172235	-0.0233032152	0.0422543612	0.0068052608	-0.0379560762	0.0796079843	-0.0139280895	-0.0588078514	-0.0664434841	-0.0325523346	0.1101866308	-0.1345706273	0.0936378399	0.1208454584	-0.1033672106	0.0219362603	-0.0682448283	-0.0724618818	0.0336327794	-0.1528363725	0.0563858357	0.0781889413	-0.0268610281	-0.0875622026	0.0205063855	-0.0582859099	0.1956296434	-0.099536428	0.2080273883	-0.0065072408	-0.0794075057	0.1727057313	0.1061343382	-0.1755761421	-0.1285467836	-0.1612519299	0.1047512229	-0.0349883263	-0.0662400745	0.0248201079	-0.0109057624	0.1765868457	-0.0480679655	-0.0754505123	0.1108851636	0.0451132	0.0336956999999999	0.00203520081424	0.0011354001984899	-0.0030413	0.0089085	7.936137224999999e-05	9.24950569e-06	-0.176283	0.105929	0.011220953041	0.0310756960889999	0.0023003	-0.0019090399999999	5.291380089999999e-06	3.6444337216e-06	-0.00112481	0.0	0.0	1.2651975361e-06	-0.0008255769999999	-0.0005904199999999	6.815773829288349e-07	3.485957763998819e-07	1.0
1726.888383939045	-8.432611821797309	2982143.4905836065	71.10894213711573	2590.292125155158	9.96860997597787	99.37318485316553	6709613.293640824	1869.974586006056	-1.5833966405041338	3496804.95230852	2.507144921159777	2029.7643723191936	1341.399365831628	1.285913	24.842157	0.20646535	0.115861	0.2508442293	-0.123458358	0.0028831052	0.018764578	0.0078000504	0.1936186546	0.1898850124	-0.0227842724	-0.0519734695	-0.0476234547	-0.086976813	0.106363967	-0.044269668	-0.0760506302	-0.1125993855	0.0690249118	0.1495122655	0.0682330773	0.0338053869	0.0333564572	-0.1671708824	-0.0243794451	0.0069907134	-0.1041744574	-0.1685057655	0.0600517545	-0.0029244885	0.0882095009	-0.0958695242	0.0115986408	0.0186007776	0.0879325747	-0.0974559495	0.0227194861	0.0433551523	-0.1514019345	0.0516430146	-0.0923636394	0.0539883753	0.0168120306	-0.1525694317	0.0765058742	0.075218639	0.086904776	0.0783608277	0.1847303179	0.2117845886	-0.1095646296	0.0673974082	0.0755715636	0.0218191609	-0.1210567436	0.0143053809	0.0075542272	0.0262525531	0.1552109871	-0.0656915365	0.0253646782	0.0463042164	0.0712052607	0.0110759556	0.123723303	-0.0627865596	-0.1211959296	0.0526705651	-0.1951707294	0.0974184734	-0.0436455822	-0.0371223006	0.0974169215	-0.1202275181	0.1515079205	-0.0180563801	0.0284591925	0.0240080131	0.1082184346	-0.0479686171	0.0959935358	0.042952497	0.103028944	-0.0638473625	0.0932868215	0.1695227083	-0.0339735247	0.0175616268	0.1240972667	-0.098578358	-0.0821594734	0.142239294	0.0807875201	0.1141278162	0.0060495668	0.0996151616	-0.0295066773	0.0932264042	0.016724394	0.0392121431	0.0280439489	0.116556452	0.1058529034	-0.1977304946	-0.1213955403	0.2287170602	-0.0607896164	0.102608125	-0.0979397088	0.0318323932	-0.1393214575	0.0201818455	0.0633643536	0.0020162637	-0.1563800221	-0.1437918975	-0.0005827667	0.0383328789	-0.1679184698	-0.101909091	-0.2157936299	-0.1027882764	-0.2605668774	0.0982987067	-0.1051226396	-0.0459499025	0.2140368504	0.0431097627	-0.0263406739	-0.0502561585	-0.0717239676	0.112689161	0.0743168	0.0292036	0.00552298676224	0.00085285025296	-0.0205507	-0.0175094	0.00030657908836	0.00042233127049	-0.279546	-0.103263	0.010663247169	0.078145966116	0.00272131	0.0004210099999999	7.405528116099999e-06	1.772494200999999e-07	-0.00141696	-0.00029215	8.535162250000008e-08	2.0077756416e-06	-0.00040895	0.0004166269999999	1.6724010249999998e-07	1.7357805712891668e-07	0.0
1727.3856781269294	0.4972941878843357	2983861.280998032	0.247301509303541	2589.493353011253	-0.7987721439048983	0.6380369378784275	6705475.825289462	1868.3591727703445	-1.6154132357114577	3490765.998475086	2.6095599221117616	2030.64422871588	1343.9900629913054	1.02874	19.873917	0.1055533999999999	0.0536817	0.2219152783	0.0323989849	0.0356349263	0.0921589875	0.0752966952	0.1400782237	0.1868248811	-0.0068374592	-0.0527312724	0.0415414835	-0.0453691818	0.0213361559	0.0616715308	-0.0650644339	-0.0028579104	0.068502296	-0.0069361675	-0.0181268642	-0.0959858683	-0.088302548	-0.1077014712	0.0621790306	0.0161591053	-0.1658741486	-0.0985146573	-0.0042634041	-0.0244899753	0.2365588712	0.0291126712	-0.0426943687	-0.0313245803	0.0250092236	-0.072503	-0.1169796081	0.0707786059	0.1621167805	-0.0033769317	-0.1214845376	0.0198294705	-0.0802223952	-0.0168202318	-0.0718763666	0.0400584449	-0.0099705167	-0.0726779103	0.0906211991	-0.1469672483	0.0423129447	0.0210818759	0.0159039209	0.0150980105	-0.1612492077	-0.0251567203	-0.0036860551	0.0799974524	-0.0524645698	0.0065036254	-0.1062829751	0.0241521625	-0.1114882371	-0.0011980179	0.0550050102	-0.0872060364	-0.1897593201	-0.0314275788	-0.101353864	0.0325002647	0.0188775545	0.0561633958	0.0766853078	-0.0913714254	0.0846010143	0.1280531029	0.1142505443	-0.049420635	-0.014588737	-0.1131537777	0.0053646795	0.1159795289	-0.1738834543	-0.0063306644	0.0334035993	-0.035506769	0.0154576328	-0.0706214133	-0.024062241	-0.086674798	-0.0981623361	-0.0489027708	-0.057063689	-2.3827e-06	0.0367527044	-0.009909945	0.0826627696	0.089422312	0.0486516141	-0.1285480797	0.1422697369	0.0258315688	-0.0130603757	-0.0340349233	-0.0307618015	0.1860407643	-0.0312372314	0.0969742274	0.1048303161	0.049148958	-0.0760540308	0.15334107	0.0340447314	0.0401908614	-0.0521184849	0.1535134419	-0.164806415	0.133962615	-0.156019439	0.0532553383	-0.0019796914	-0.0950530328	0.1128549041	-0.092003743	-0.1230754921	-0.1533615372	0.1513610953	0.0262966511	-0.0390640591	-0.0524223074	-0.0678715947	0.1140484259	0.0606669	-0.0136499	0.00368047275561	0.00018631977001	-0.0339309	-0.0133801999999999	0.0001790297520399	0.00115130597481	-0.289809	-0.0102629999999999	0.0001053291689999	0.0839892564809999	0.00355919	0.00083788	1.26678334561e-05	7.020428944000001e-07	-0.0019314	-0.0005144399999999	2.646485135999999e-07	3.73030596e-06	-0.000421836	-1.2885999999999985e-05	1.77945610896e-07	1.6604899599999959e-10	0.0
1722.3105545473063	-5.075123579623096	2966353.64630505	25.756879348446347	2580.6712723960327	-8.82208061522033	77.82910638144631	6659864.216170158	1862.035895216736	-6.323277553608477	3467177.6750755915	39.98383901996881	2024.4839259265927	1339.560816332533	1.014446	19.597767	0.1098885999999999	0.061883	0.1566250303	0.0525804524	-0.071338059	0.0184902852	0.0169515606	0.1769012992	0.0735735583	-0.0424991002	0.0904323274	-0.0508622516	0.1079100235	-0.0331486471	0.0201357534	0.0246778574	0.1415234324	0.0505115105	-0.1431870264	-0.1010880692	0.0312487994	0.0625570591	-0.0613798646	0.1224674369	-0.0512527525	-0.1189279524	0.0597935339	0.1626270003	-0.044958123	0.0848117317	-0.1430457126	0.0135925375	0.1044150789	-0.0690315422	-0.0586511468	0.1223023972	-0.1124582371	0.078573417	0.0105836778	-0.0993342466	0.1042617638	-0.0067311235	0.0244105047	-9.22419e-05	0.0026631002	0.0205621398	0.0743661832	-0.0507621424	0.0024026083	-0.2105889879	-0.0052981498	-0.0827496921	0.0180417844	-0.0503439003	0.0080619957	-0.0992155277	-0.1036475706	-0.0696890506	0.0796958571	0.1375683141	0.1497968598	-0.0222298371	0.0734277326	-0.020358845	-0.0256949539	-0.1849065792	0.0809799103	-0.0481855557	0.0598870479	-0.0129663862	0.0661221179	-0.0822883541	0.077787713	-0.0987888928	-0.0796214646	0.009780728	-0.2687442489	-0.0269249544	0.0264143388	-0.0323319137	0.0581528917	-0.1544542328	-0.0306594652	-0.0635417187	-0.0222534489	-0.1331331165	0.090015978	-0.0172501008	-0.0426778028	0.0685208101	0.128763156	0.1168453499	-0.0277601816	0.1080395556	-0.0303952334	-0.0144807339	-0.0278067754	-0.0190077499	0.1105439981	-0.0853168944	-0.0100860814	-0.0063955368	-0.0025246398	-0.0407535903	0.1210394565	-0.051230224	0.0730411464	0.0547376986	0.0331211002	0.0421233832	0.040892082	0.0555506873	-0.037568835	-0.1155922173	0.0714137396	0.0549501103	-0.2114196043	-0.0228931544	0.0031086451	0.0020829042	-0.1911414379	0.0115984455	-0.0799330457	-0.043397267	-0.2097019756	0.0531489081	-0.0080784188	-0.0363537249	-0.0545654623	-0.063900152	0.1149575937	0.0741867999999999	0.0135198999999998	0.0055036812942399	0.0001827876960099	-0.0117975	0.0221333999999999	0.0004898873955599	0.00013918100625	-0.235751	0.0540579999999999	0.0029222673639999	0.055578534001	0.00335598	-0.0002032099999999	1.12626017604e-05	4.1294304099999866e-08	-0.0019314	0.0	0.0	3.73030596e-06	-0.000622172	-0.000200336	3.870979975840001e-07	4.0134512896000026e-08	0.0
1719.5163870389456	-2.794167508360715	2956736.605295469	7.807372064778727	2578.7901381827087	-1.8811342133240032	3.538665928538117	6650158.576788394	1862.308203902158	0.2723086854221037	3468191.846321282	0.0741520201563142	2024.3206665907912	1311.0150398238177	1.028051	19.860607	0.0719353399999999	0.0385594	0.1240067455	-0.1049575453	-0.0134708383	0.0475300641	-0.0579518364	0.109679146	0.0866614186	-0.0591781416	0.0608594445	0.0446520832	-0.1407640158	-0.0648832162	0.0834534322	0.0234998059	0.0297863573	-0.0662437816	0.0036385092	-0.0284066202	-0.0538912526	-0.0320388346	0.1451451277	0.0296069324	-0.2262245265	-0.1422073484	0.0468638729	0.0811123473	-0.0366027184	-0.0489133098	-0.0231724517	0.1642622817	0.048941856	-0.0069750514	0.158143855	-0.1216520051	-0.0789662642	0.0418667049	0.120158449	0.0395432506	-0.0745836372	0.0062178482	0.0407527435	0.0740908287	0.0138113773	0.0474320289	-0.0328905846	-0.0558231206	-0.0163455074	0.0530964214	0.2003186576	0.0013577964	-0.0192179392	0.0034015042	0.000154129	0.0035519315	-0.0482169265	0.0424796047	0.1855538529	-0.0061541838	-0.0412147593	-0.0288149107	0.1197471052	0.0805061724	-0.1106711534	-0.161991839	0.1288334717	0.1163076534	0.1808527686	-0.0468294706	0.0439760699	-0.032644116	0.0629460678	0.049263038	0.0314607133	0.0863098593	0.1330329503	-0.0609622871	0.0738130596	-0.0590937416	0.0218081404	0.0168419524	0.1792680701	-0.0858543182	0.0166941501	0.040406743	-0.1007259516	0.0533924953	-0.0747445137	0.0202014006	-0.0424960666	-0.0780672969	0.0672951833	0.0008690171	-0.0387465003	0.0117944681	0.0617129043	0.0139508971	0.1288001584	-0.0075242725	-0.0956349766	-0.0800233146	-0.0924073253	0.036711722	0.111679086	-0.039550276	0.092457549	0.0569421198	0.102278785	-0.0262929781	-0.08170611	0.0790978176	-0.0357944669	0.0318119865	-0.0492850413	-0.2422745368	0.0100735923	0.0117407365	-0.0309390621	-0.1266104625	-0.0714408225	-0.0696662148	-0.1269270775	0.0075326322	0.0689893211	-0.0345887184	-0.0671951928	-0.0594226309	-0.0566846829	-0.0598166067	0.1154130763	0.0888354999999999	0.0146487	0.0078917460602499	0.00021458441169	0.00253559	0.01433309	0.0002054374689481	6.4292166481e-06	-0.24241	-0.0066589999999999	4.434228099999998e-05	0.0587626080999999	0.0034129	5.69199999999998e-05	1.164788641e-05	3.239886399999977e-09	-0.00251912	-0.00058772	3.4541479840000015e-07	6.345965574400001e-06	-0.000540921	8.125100000000007e-05	2.92595528241e-07	6.601725001000011e-09	0.0
1725.060142531489	5.543755492543369	2975832.495350761	30.73322496110477	2576.853134172616	-1.9370040100925507	3.751984535114623	6640172.075095234	1864.128204857511	1.8200009553529528	3474973.9641452865	3.31240347748566	2024.679885574462	1321.7487505965132	1.053945	20.360842	0.1085655399999999	0.063118	0.1280908938	0.1575112917	0.0012761508	0.0391454679	-0.1079410064	0.0387265271	-0.017505697	-0.1447941828	0.0991750277	0.1391048683	-0.1097190663	-0.011065005	0.1136956238	-0.1664877579	0.0672581546	-0.0236328373	-0.0033713884	0.0772619978	-0.0600902987	0.076445953	-0.0198163718	-0.0043237043	-0.2196341546	-0.0932105281	-0.1026795715	0.0849935619	-0.049305577	-0.0068306649	0.1370669419	-0.0303593581	-0.0199056738	-0.0519087653	0.1868452686	0.0251818111	-0.1559471531	0.0042618515	0.0953648976	0.0695471615	0.0367102102	-0.0064240737	-0.0259767627	-0.1786691003	-0.1939546197	0.0085420277	0.0955417841	-0.0369425011	0.0362046487	0.0083032188	-0.0181051294	0.013769023	-0.0453082659	0.0061026775	-0.1196969491	-0.1050681888	0.0976804814	0.1059097612	-0.033583745	0.0040465583	0.0639407412	-0.1209918627	0.033169776	-0.1080396559	-0.0446127895	-0.044446634	0.1795395311	0.0742878294	0.0663675364	0.1359656532	0.0179109033	-0.1450655512	0.0239214934	0.0972843913	-0.0367989905	0.1445675694	0.1189251382	0.00036643	0.0166666339	-0.1026956711	-0.0523240026	-0.1171280065	-0.0742243077	-0.1579841248	0.0426296838	-0.0472570825	-0.1988504913	0.0698035905	0.1523231018	0.0379490427	0.0114510652	-0.0343147	-0.0864660111	0.0427857585	0.0678765143	0.1994347192	0.0212089204	-0.0780787174	0.035458627	0.0160191275	0.0258248692	0.0518885404	-0.0563237652	0.133512256	0.1612131241	-0.0220126535	0.0189482008	-0.0712218625	0.1100117913	0.1060524341	0.0565969276	0.0017037689	0.0144048903	0.0523210711	0.1204894739	-0.1733463064	0.0975906992	0.0845611435	0.107956013	0.0397242499	-0.0501206195	0.0535594918	0.107363413	-0.08368389	0.0002834482	-0.0342597027	-0.0310202316	-0.1239195975	-0.0587790397	-0.0556281227	0.1154130763	0.0804879	-0.0083475999999999	0.00647830204641	6.968242575999832e-05	-0.0318464	-0.0343819899999999	0.00118212123636	0.0010141931929599	-0.293867	-0.051457	0.002647822849	0.0863578136889999	0.00336146	-5.143999999999982e-05	1.1299413331600002e-05	2.646073599999981e-09	-0.002333	0.00018612	3.4640654400000054e-08	5.442889e-06	-0.00059094	-5.0019e-05	3.492100836e-07	2.5019003609999995e-09	0.0
1728.2309929862472	3.170850454758238	2986782.36511823	10.054292606440525	2574.162348878063	-2.6907852945532795	7.240325501384179	6626311.798381425	1863.0366233496816	-1.09158150782946	3470905.4599421835	1.1915501882352373	2021.237293609848	1335.3577139895178	1.015528	19.618668	0.05604635	0.0278374	0.1551254704	0.0064939054	-0.0012895293	-0.0296478621	0.0448816404	0.1415675655	0.0539404683	-0.1936738941	0.0355585934	0.0809245205	0.1149983607	0.1766840297	0.0469318932	0.098835707	0.0205629742	-0.0026156181	-0.040113858	0.0193194656	0.0300113305	0.1762629526	0.1342952541	0.0209518553	-0.1779516387	-0.071281451	-0.1924689044	0.0198314647	0.0016439299	-0.1549405449	-0.0420840984	0.0698185289	-0.129773886	-0.0632963105	-0.0701407359	0.0450643651	-0.0458336719	0.0164420565	0.0289329956	0.0555426485	0.0868023787	0.0273171783	0.0767849253	-0.1757808365	0.087144815	-0.0479284835	0.0924171981	0.0392590503	-0.147726198	-0.0552381481	0.0441824656	0.0645505102	0.1324233094	0.0536535169	-0.0859626424	-0.0852101708	0.0302700429	-0.0295452354	-0.1963199436	0.0041281208	0.0300171794	0.1906183409	0.0459576033	-0.1069335098	0.0187196581	-0.0890507343	0.1981356972	-0.033736245	0.1029335134	0.0439722895	-0.2309165642	0.0161299271	0.1011085733	0.0657338496	0.0049464694	0.0259849224	0.031024989	-0.0696726933	0.0956642498	0.0850499513	-0.0972560767	-0.1431920208	0.0288970645	0.0600146454	0.0176801581	-0.0408756802	0.0084316801	0.089321353	0.1020864037	0.1049891539	-0.0386110587	0.0425395619	-0.0256767941	-0.0441314853	-0.0965741585	-0.0487545684	-0.0928183	0.0485213347	-0.031404376	0.0961195785	0.0085640303	0.1585007832	7.1597e-05	-0.2113626695	0.1930503599	-0.0042566117	0.0366363053	-0.00846141	0.0144002602	-0.0187896781	-0.0583538026	-0.0082936342	0.0919440484	0.0051072233	0.0685033845	-0.0195073466	-0.0565372201	0.1960667966	0.0731597061	0.0003645139	0.0138570289	0.0386435587	-0.0010089012	0.0627081436	-0.0623011881	0.1158865084	-0.0104036727	0.048126557	-0.0608476141	-0.0513420481	0.1149575937	0.0639284	-0.0165595	0.00408684032656	0.00027421704025	-0.0356729	-0.0038265	1.4642102250000028e-05	0.00127255579441	-0.31133	-0.017463	0.000304956369	0.0969263689	0.0034129	5.143999999999982e-05	1.164788641e-05	2.646073599999981e-09	-0.00241087	-7.786999999999985e-05	6.063736899999976e-09	5.812294156899999e-06	-0.0008255769999999	-0.0002346369999999	6.815773829288349e-07	5.5054521768953095e-08	0.0
1727.8161189579464	-0.414874028300801	2985348.5409309003	0.1721204593585338	2578.729843055503	4.56749417744004	20.862003060948663	6649847.603465059	1868.775137068821	5.738513719139519	3492320.512926591	32.93053970475247	2027.147862904756	1344.8999434711195	0.918197	17.738369	0.1092595	0.0549034	0.2306447587	0.0048624641	0.0015741805	-0.060696326	0.0456943971	0.1637798978	0.0707108873	-0.1481774972	-0.0775823763	0.0402969888	-0.1129096723	0.1201743065	-0.0722782746	-0.0961553222	-0.049597511	-0.0365375842	0.0924134253	-0.15647045	-0.0493905524	-0.0557733664	0.0820952339	0.0186189057	0.0605723092	-0.1669376056	-0.1082040809	0.0368596468	-0.1133772998	0.0678426009	-0.1067169933	-0.064411985	-0.0256653989	-0.0796282486	-0.0569238564	0.1433606699	0.097185865	-0.0350873169	0.0609623968	-0.1102925222	0.0190197668	0.0083886201	0.0675287779	0.0316495701	0.0126953038	-0.0409913171	-0.1771872755	-0.0270268101	-0.0630982941	0.1802454774	0.0136370395	-0.0528547331	-0.1503747163	0.0101000562	-0.0954241205	-0.0386263639	-0.0010350729	-0.1022977806	-0.0329485843	-0.010552754	-0.0434050434	0.1252263393	-0.0529795501	-0.0131007097	-0.0454796662	-0.120248411	0.0997433013	-0.2450395903	0.1305307614	0.0621956818	-0.0034540468	0.0124615066	-0.0484911301	-0.0373512891	-0.0050014348	-0.1448376811	0.0694535233	0.0723477442	0.0698223294	0.0297194395	-0.0827073755	-0.0459727583	-0.0200107781	0.0382987049	-0.0107510925	0.0724029809	0.003224518	-0.0707321975	-0.1168429084	-0.0412898345	-0.0428784998	0.0678921837	0.0219143884	0.1477366565	-0.176355067	-0.0736920839	0.0028264972	0.064719021	-0.0496997688	-0.0379439716	-0.0186737254	-0.1375576526	0.0129723656	0.1554981272	0.2429618773	0.012909817	0.0013389856	-0.04005817	-0.0257898138	-0.0252126096	-0.0233026443	-0.0258135754	0.0894896764	0.0166800811	-0.1252284	0.0206261706	0.0241105983	0.0186760962	0.0567468826	0.0230325544	0.1886259185	-0.0057500109	0.0670823843	0.0766060083	0.0082230012	0.0234369585	0.0050541103	0.06357627	-0.0628894987	-0.0469659021	0.1140484259	0.0294918	-0.0344366	0.0008697662672399	0.00118587941956	-0.0437568	-0.0080838999999999	6.534943920999997e-05	0.0019146575462399	-0.34083	-0.0295	0.00087025	0.1161650889	0.00395987	0.0005469699999999	1.56805704169e-05	2.991761808999999e-07	-0.00260868	-0.00019781	3.912879610000004e-08	6.8052113424e-06	-0.0008255769999999	0.0	6.815773829288349e-07	0.0	0.0
1731.8773978098627	4.061278851916313	2999399.3210446616	16.493985913022687	2588.786037696382	10.056194640879312	101.1270506552498	6701813.148971735	1867.6244673420863	-1.1506697267348045	3488021.151014812	1.3240408200239495	2028.2114708328056	1352.6083205884931	0.914075	17.658739	0.06785675	0.0375386	0.1754221099	0.044814895	0.08676532	0.0578032483	0.0531170192	0.0256766815	0.0993206762	-0.091367761	-0.1175909603	0.0743035337	-0.051174582	0.0914167829	-0.0107080764	-0.0690994004	0.0183026721	0.0760876647	-0.0090837249	-0.1017500999	-0.0046440766	-0.0223292556	0.0299077296	0.0823239137	0.0879952775	-0.0453361377	-0.0973224397	0.0221921937	-0.0506757458	0.0810119575	-0.0688286937	0.0071502859	0.1232980655	0.1334012534	0.0116143805	-0.0504229717	-0.0250029079	0.0321976125	0.0818490602	-0.012101558	-0.0816255515	0.0980112741	-0.0809767231	-0.0399087389	-0.1118549306	0.0347863399	0.0358135547	-0.0988023167	-0.0710684501	0.0764640913	0.0413592422	0.1285122471	-0.080291111	0.0123486048	0.0007809514	-0.0302127116	0.0260823599	-0.0833929585	-0.0283367772	-0.0694852883	-0.1337972701	0.0589552436	-0.054591368	-0.005345913	-0.0227911257	-0.1099593013	-0.0559131045	-0.1038996561	0.0548023337	0.1152880916	-0.0026948948	0.0461715542	-0.0309879835	0.0322140666	0.0897290995	0.0025182554	-0.0191353962	0.109729316	0.0385801657	-0.1263853588	0.0422416856	-0.0356614353	0.0880304906	-0.0272926841	-0.044223376	-0.0540097882	0.0694650542	0.1599645715	-0.0328521117	-0.0650273219	-0.033899429	-0.009558825	-0.0064720638	-0.0215234891	-0.1241536866	0.1578050704	-0.0311663076	-0.0510513342	-0.0107937992	0.0223899719	-0.0137845465	-0.0666825059	-0.0281435662	0.1774209946	0.182362709	0.0351070731	0.0015757669	0.0586289854	0.0197277128	-0.0868745158	0.0321443934	-0.0869266549	0.0133491458	0.0090716047	-0.0703513976	-0.0122700319	0.1035184626	0.0461155787	0.0097378337	0.0363969097	0.1749968195	0.0826574557	0.0698096489	-0.0628167312	0.0338242303	-0.0706823275	0.0954799204	0.033628622	-0.0649037979	-0.0425073619	0.112689161	0.0365355	0.0070437	0.0013348427602499	4.961370969e-05	-0.0436784	7.83999999999993e-05	6.146559999999891e-09	0.00190780262656	-0.309233	0.031597	0.000998370409	0.0956250482889999	0.00369653	-0.0002633399999999	1.36643340409e-05	6.934795559999996e-08	-0.00271893	-0.00011025	1.2155062500000024e-08	7.3925803449e-06	-0.00103474	-0.000209163	1.0706868676e-06	4.37491605690418e-08	0.0
1725.646123954545	-6.231273855317795	2977854.5451193447	38.8287738599671	2575.822954124602	-12.963083571780317	168.04153568896072	6634863.890995191	1860.2857943671515	-7.338672974934752	3460663.236724224	53.85612103303769	2020.46382222842	1351.4259305261735	1.013439	19.578318	0.0350969999999999	0.0191997	0.1910425321	0.0247087198	-0.0849858234	-0.119139069	0.0814885668	0.2206541778	0.0070193857	0.071944546	-0.0511531352	-0.0236500845	-0.021440026	-0.0816832882	-0.1503442294	-0.0879938138	-0.0290967742	-0.1393732989	-0.1600669468	-0.0060968868	0.1104847864	0.0293895077	-0.0314804273	0.1800914448	-0.0972930279	-0.1655952523	-0.0268907937	0.0661347629	-0.0231451628	0.0846669298	0.0617967197	0.0077720596	-0.1080215775	-0.0862638958	-0.1118923415	0.059516275	0.0288511842	0.0060082088	0.030190048	0.1139378433	-0.0406438327	0.0036384862	0.00987641	0.1814922235	-0.0087072613	-0.1322344347	-0.0439398338	0.0255037371	0.1517683685	0.0344386946	-0.0464477568	0.0023395727	-0.0286699203	0.0044827121	0.04127101	0.0507461874	-0.0266240226	-0.0316876146	0.013187679	-0.0733500289	0.0459577572	-0.0597832829	-0.0069710865	0.0178640692	0.0537714846	-0.2593030561	0.0820718528	0.0425923813	-0.0299330731	-0.0627853794	0.0859309063	0.0342141786	-0.1382990924	-0.1595618673	0.0784020748	0.0621702615	-0.0773183704	-0.11434601	-0.0616136022	0.07019301	-0.1217152233	0.0929744562	-0.0502953042	0.0200819942	-0.0582537765	-0.0978348611	0.0902574878	-0.1810083053	0.1430383166	-0.0008511369	-0.0282646155	-0.0129380845	0.0392400404	-0.1921999757	0.0176485764	0.0034868747	0.0097623143	0.0217879541	-0.1606783655	-0.078071541	-0.11992503	-0.0377029863	0.1006807036	0.0882700929	0.1634301049	0.0404624356	0.0011506805	0.0591606079	-0.2204767797	0.0558185976	0.0431118247	-0.000371349	0.046326913	0.0661681569	-0.0423623559	0.1498399637	-0.0598413529	-0.0432975736	-0.0078379784	0.0651390049	0.1171003095	0.1564740559	-0.0545359084	0.0475897064	-0.0343616707	-0.112261105	0.1253616676	0.0722076552	-0.0668896282	-0.0379742494	0.1108851636	0.0294707	-0.0070647999999999	0.0008685221584899	4.991139904e-05	-0.0436891	-1.0700000000002374e-05	1.1449000000005079e-10	0.00190873745881	-0.304976	0.0042569999999999	1.8122048999999615e-05	0.093010360576	0.0039087	0.00021217	1.5277935690000002e-05	4.50161089000001e-08	-0.00271893	0.0	0.0	7.3925803449e-06	-0.00129786	-0.00026312	1.6844405796000005e-06	6.923213440000009e-08	0.0
1725.6378968060078	-0.0082271485371165	2977826.150893062	6.768597305177967e-05	2582.8997950486723	7.076840924070439	50.08167746459814	6671371.3512624735	1865.9702486519727	5.684454284821186	3481844.968854305	32.31302051622194	2028.9601868668765	1333.9252393756688	1.044183	20.172255	0.0765808999999999	0.0351429	0.1472283424	-0.0096252401	-0.0153928391	-0.0257187482	0.0491499819	0.1102530524	0.0982014987	-0.0443844467	0.0839720366	0.0772187219	0.0725093216	-0.1110525851	0.1856989706	0.0072257592	-0.1563818628	-0.0643280262	0.0014196931	-0.1326033966	-0.1293360659	-0.0666089151	0.0014633143	-0.004074142	-0.0944307824	-0.1874526336	0.085045552	-0.0152740152	-0.0416587959	-0.0591069474	0.0240027829	0.0487371916	0.0237656499	0.0586952435	-0.071434979	-0.1864967451	-0.0226443809	-0.0100927055	-0.0299046153	0.134095179	0.1207389304	0.1004874784	-0.0273627683	-0.0488113863	0.0213299658	-0.1350865522	0.0381250876	-0.0554550547	-0.0680085669	0.0156901363	-0.0358399844	0.0016734325	0.0320976206	-0.1194545521	-0.0293489104	0.1412829266	0.0232565225	0.0735205735	0.0241608217	-0.0276745986	0.0204546569	-0.0099073951	0.0713853048	-0.1112764158	-0.1225951337	-0.1411122511	0.062927605	0.0688234096	-0.0469528434	-0.0115890546	7.2721e-06	-0.0997185172	0.1208809685	0.0567079028	0.1075179405	0.0989458217	-0.0046623007	0.1020387044	0.0317925921	0.1162142963	0.0531178632	0.1305366245	-0.0067170225	0.059094183	-0.0505153992	0.0978946976	-0.0198987301	0.1698094607	-0.0202978981	0.0452161604	-0.0318379151	-0.0115209359	0.0155348552	-0.0778719836	0.0174712602	0.0071376866	-0.1238184071	0.1510769634	0.0304543145	0.0298791393	-0.1087674092	-0.0377738906	0.0774242265	-0.0711769248	0.1682582429	0.0543576683	0.0129349259	0.178497204	0.0291531664	0.0439415221	0.0232821589	-0.0398268819	-0.0736271565	0.0104174608	-0.0441858624	-0.0409395808	-0.2050318896	-0.0446278108	-0.0689590731	0.1380373408	-0.045490237	-0.0601192367	0.1310903318	0.0447890337	0.1282519451	-0.1649662509	-0.0384625297	-0.0957226885	-0.0688461184	-0.0333745172	0.108643553	0.0413105	0.0118398	0.00170655741025	0.00014018086404	-0.0649737	-0.0212845999999999	0.0004530341971599	0.0042215816916899	-0.314226	-0.0092499999999999	8.556249999999963e-05	0.098737979076	0.00401659	0.0001078899999999	1.6132995228099995e-05	1.1640252099999866e-08	-0.00308238	-0.0003634499999999	1.3209590249999998e-07	9.5010664644e-06	-0.00108507	0.00021279	1.1773769049e-06	4.5279584100000014e-08	0.0
1733.5160658717225	7.878169065714701	3005077.950635374	62.06554782798405	2584.2849234754995	1.385128426827123	1.91858075880458	6678528.565702768	1870.7034245189616	4.733175866988859	3499531.3025069702	22.40295378784573	2029.5450137813568	1336.8627669130806	0.983258	18.995253	0.082407	0.0423251	0.1507543261	-0.0324958253	-0.0402871516	-0.0864780565	0.0575776751	0.1077303248	0.0945888186	-0.1367909828	0.0826246948	-0.0552877916	-0.0908133727	-0.0433879644	-0.0420343717	-0.0572166625	0.0691520584	-0.0056521386	0.0691242015	0.0849031616	-0.0368845797	-0.0386471159	0.1267600582	-0.1133277388	-0.0730717735	-0.2196411183	-0.1259897958	-0.0519916884	-0.0179357266	-0.0635572684	-0.023306426	-0.0144137273	0.0405966672	0.115994559	0.0149891592	-0.1016020141	-0.0308633063	-0.0288899448	-0.1494628403	0.0206408237	-0.0616795955	0.0605608795	-0.1004612171	0.0497599609	0.0310308997	-0.0745065058	-0.0736745544	0.1597663918	-0.0015493303	0.1083849481	-0.0402326172	-0.0074295369	0.0945463833	0.2325814421	0.097015139	0.0934310759	-0.0498199984	0.1088898732	0.0570983673	0.1931165242	0.0020790751	0.0371270966	-0.0732373821	-0.0358214508	-0.1082192601	-0.0693688595	0.1857227866	-0.1203542029	-0.00607431	-0.0752691967	-0.0930481501	-0.0777107196	-0.0517070965	0.0827576752	-0.0254814892	0.0835702946	0.1158311452	0.107092793	-0.0130300264	-0.1210084288	-0.0192295588	0.1964898664	0.0463879783	0.0548729853	-0.0917525095	0.165640146	0.1098301064	0.0412884902	0.1253502502	0.0766954519	-0.1041036638	-0.1290238998	-0.0113694709	-0.0646469565	0.0285312387	0.059237119	-0.0463637127	0.0415613106	-0.0204993787	-0.1155749996	0.1713319908	-0.1181655623	0.0255678994	-0.0777977854	0.1947132889	0.0544855086	0.0047169341	0.0647226197	-0.0069457003	0.1298844121	-0.1101288711	0.0409108531	0.0133068542	0.0202105453	-0.1474481714	-0.0459979437	-0.0297486843	0.0764504805	0.0185527487	0.0363249993	0.1452813522	-0.0024807639	-0.016457261	0.0943476059	0.1204248978	-0.1325928573	0.1606015077	-0.0477289409	-0.0707724105	-0.0287162347	0.105973176	0.0440622	0.0027517	0.00194147746884	7.571852890000015e-06	-0.0437189	0.0212547999999999	0.0004517665230399	0.0019113422172099	-0.345075	-0.030849	0.000951660801	0.119076755625	0.00405848	4.189000000000016e-05	1.6471259910399998e-05	1.754772100000013e-09	-0.00271893	0.0003634499999999	1.3209590249999998e-07	7.3925803449e-06	-0.00123076	-0.0001456899999999	1.5147701776e-06	2.1225576099999993e-08	0.0
1730.6976174280126	-2.81844844370994	2995314.242971	7.943651629850983	2576.978334146234	-7.306589329265535	53.38624762653698	6640817.334659099	1868.7064941592	-1.9969303597615635	3492063.961312768	3.987730861737448	2027.2014914165457	1353.0221230181974	1.048315	20.252073	0.1105045499999999	0.055205	0.1418379619	0.1074001666	0.0949705414	0.0983129127	0.1389791725	0.1337037919	0.0471983592	-0.1269457073	0.1088536093	0.0443468158	0.1067575687	0.0653825472	-0.0722197906	-0.0757142703	0.0480357572	0.0028077316	-0.2294365882	-0.0150061357	0.0235570977	0.0517284031	-0.100786334	0.0055857984	0.0086130733	-0.1166945011	-0.1206612391	0.0136543546	-0.0130821743	-0.0247733795	0.00326977	0.0938462694	0.022845701	-0.2791511281	-0.129313563	0.0596610232	0.1468321161	0.1284625418	-0.0579692162	-0.1330318783	-0.11700191	0.1499867912	0.0375248823	0.1092126576	0.0420446581	-0.0710775137	0.1116993085	0.0081867357	0.0888506593	0.0035071643	-0.0573065637	-0.0903887737	-0.015332554	0.0352260124	0.0456652242	-0.1396676235	-0.0445790192	0.1683217749	-0.0399380682	-0.0284625676	0.0972079935	-0.0499754091	-0.0325229061	-0.0133086864	-0.0094482467	-0.0632811049	0.1262865068	-0.1673327145	0.0370491333	0.0778105057	-0.0471602018	-0.0747703043	0.0156689919	-0.122197979	0.0638440846	-0.09114002	-0.1157919179	-0.2297037764	-0.1738300355	0.0298886834	-0.0326096754	0.0414281176	0.0813509016	0.2446689168	0.0239947789	0.0566321038	0.0172389999	-0.090788156	0.0722434909	-0.1040758183	0.1069990055	-0.1405921366	-0.1592942475	0.0998324316	0.0032758483	0.0091030797	0.0655377603	-0.0379213067	0.0564493954	-0.0340649702	0.0537345733	0.0541299245	-0.0014576828	-0.0375217602	0.1407392916	-0.0023835545	-0.0510075098	0.0683694501	0.1491171895	-0.0400090697	-0.020027603	-0.0856851897	0.0574747426	0.034219495	-0.0495266344	0.1487609932	-0.0105631408	-0.0801394271	0.0389113213	0.059625785	0.1023268844	0.0532717436	0.0817653354	-0.0085607277	0.0234186419	-0.0413279253	0.0853255065	0.0327445632	-0.0726676594	-0.0240075741	0.1028845713	0.0383005	-0.0057617	0.00146692830025	3.319718689000002e-05	-0.0436245	9.440000000000144e-05	8.911360000000271e-09	0.0019030970002499	-0.309078	0.035997	0.001295784009	0.095529210084	0.00358742	-0.0004710599999999	1.28695822564e-05	2.218975235999997e-07	-0.00305795	-0.0003390199999999	1.1493456039999984e-07	9.351058202499998e-06	-0.000667811	0.000562949	4.459715317210001e-07	3.16911576601e-07	0.0
1726.8606774272118	-3.8369400008007233	2982047.799244369	14.722108569744654	2587.071222151988	10.092888005754048	101.86638829669393	6692937.508486981	1869.782151182501	1.0756570233008915	3496085.292880661	1.1570380317765347	2032.013233336184	1334.1094882788252	1.052808	20.338877	0.0496617999999999	0.0224719	0.1303708606	-0.0886127069	0.033313827	-0.0524667044	0.0363281405	0.0439950677	0.1327370019	-0.1354543448	-0.0966872142	-0.0342810787	-0.0482213515	0.1512798607	-0.0594783067	0.1585173206	-0.1236897097	-0.0771302776	-0.0238129094	-0.1855362349	-0.02892214	-0.0301938292	-0.058215821	-0.0323004946	0.0534053405	-0.075590137	-0.0429575903	-0.0026218024	-0.0876649673	0.0425476948	-0.1113426208	0.1754515332	-0.0253502001	0.0230276706	0.0766453573	0.0602878442	0.0893127556	0.0390346135	-0.0029658042	0.0380897978	0.0195542436	-0.0009754652	0.1156643096	0.0769281033	0.0227523275	0.0023651435	-0.0378290669	0.0185653836	-0.045165446	-0.1043589052	-0.0783446515	-0.0138642207	0.0320169184	0.0952053916	-0.1288383981	0.0448248667	-0.0970927588	0.0135015525	0.0623802941	0.0551255147	-0.2577947488	-0.0975965405	0.0713228011	0.1167482699	-0.1293661639	-0.0456751365	-0.020339795	-0.099481154	0.1022265988	0.0658148422	0.0051250703	0.0227704852	0.0781513712	0.0599102567	0.1457308544	-0.0323268788	-0.0586517224	-0.0766907551	0.1103966798	0.1052449079	-0.0046814709	0.0982829402	0.0037718367	-0.0860276946	-0.1612064134	-0.012092754	0.067096614	-0.0694886748	-0.1349112134	-0.0382445002	-0.0342211911	0.094555315	-0.0397445875	-0.04046331	-0.0394769138	-0.0892242215	0.0160492325	-0.0949709358	0.174719464	-0.1500333525	0.0957064577	0.1290572508	0.1506011195	0.0720792435	0.173848788	0.0273804409	-0.0391764848	-0.0332450163	-0.0717964644	-0.0259811581	-0.1071293226	0.0082158864	0.0967626608	0.0953431333	-0.0186761563	0.0405805974	-0.0402059623	-0.0932610213	-0.0594100227	0.1426670846	-0.0041046843	0.1095467189	0.0520691534	-0.0537162867	-0.0044823084	-0.0698926718	0.0488635383	0.0269830549	-0.074531034	-0.0192567962	0.0993899282	0.049482	0.0111814999999999	0.0024484683239999	0.0001250259422499	-0.0499257	-0.0063012	3.9705121440000085e-05	0.00249257552049	-0.31281	-0.0037319999999999	1.3927823999999685e-05	0.0978500960999999	0.00374933	0.0001619099999999	1.40574754489e-05	2.6214848099999973e-08	-0.00271893	0.0003390199999999	1.1493456039999984e-07	7.3925803449e-06	-0.000735823	-6.8012e-05	5.414354873290001e-07	4.625632144e-09	0.0
1726.862698183602	0.0020207563902658	2982054.7783779507	4.0834563888004204e-06	2580.907105630579	-6.164116521409142	37.996332489509136	6661081.487894412	1866.4413619547613	-3.340789227739606	3483603.3576155445	11.160872664180992	2026.1179726318144	1339.4252055033185	0.967786	18.696365	0.04121445	0.0225072	0.1326594544	0.0865305367	0.0798479913	-0.0457886126	0.0659115492	0.1172746695	-0.0057386071	0.0078353278	0.0254825806	-0.0586529012	0.0052114316	0.0320667479	0.0153660028	0.005118345	0.0651822573	-0.0761070438	0.0776918242	-0.1512186498	0.0174270007	-0.1896410347	-0.0605612248	0.1117612048	0.0921305286	-0.0541365871	-0.032619679	-0.0215283937	-0.0991756294	0.1260190549	0.0411864889	0.0561060336	-0.0226204798	0.0245255708	0.0669475783	-0.0316276505	-0.0471703304	0.0121498972	-0.089165442	0.0327731444	-0.0128206485	-0.080042266	-0.0586782732	-0.0622810056	-0.0434214218	0.0774665926	0.0644665619	-0.0080535534	-0.100237205	-0.0340532412	-0.0057646754	-0.0623394308	-0.104759898	0.0729643827	0.077669819	0.0461451229	-0.0752757112	-0.0616201914	0.0378121283	-0.0013289582	0.0322996645	-0.0228587794	-0.0403709278	-0.0578627065	0.041561107	-0.1090055016	-0.0425859648	-0.1317189487	0.0184767257	0.0730051774	0.1208021906	0.0763793453	0.0993351916	0.0544359329	0.0926774766	-0.0211014331	-0.0098106327	0.1027472652	-0.0416713258	-0.1514557153	0.093974956	-0.103654789	-0.0310355239	-0.1176093069	0.0645824328	0.0373056965	0.0154288237	-0.0246663284	0.0485894532	0.0065985676	-0.0325911018	-0.0446122131	0.0393122415	-0.0896868124	0.0618142393	-0.0584602426	-0.000455461	0.0659083536	-0.0217383066	-0.0828367778	0.1384547052	-0.059467982	-0.0001728534	0.0092249265	0.1692775351	0.0689117964	-0.0862421507	-0.0068507161	0.0387065275	-0.0183100825	0.0919076688	-0.1255181049	0.0551834486	-0.0151442258	-0.0325891191	-0.1075884815	-0.0568241143	-0.0911022738	0.0016534555	0.1457520792	0.0509052456	0.0689671944	0.0239467831	0.0936785192	0.0148761982	0.0807857412	-0.1228317535	-0.0109619202	-0.0763617167	-0.0144722352	0.0955030384	0.050342	0.0008599999999999	0.0025343169639999	7.395999999999994e-07	-0.0436571	0.0062686	3.929534596000008e-05	0.0019059423804099	-0.315962	-0.003152	9.935104000000276e-06	0.099831985444	0.0038506	0.00010127	1.482712036e-05	1.0255612900000018e-08	-0.00257961	0.00013932	1.9410062400000023e-08	6.6543877521e-06	-0.00111391	-0.000378087	1.2407954881e-06	1.4294977956900006e-07	0.0
1721.0111672338085	-5.851530949793641	2961879.437743476	34.24041445639288	2569.2699616910286	-11.637143939550242	135.42311906981092	6601148.13604782	1859.0747792253649	-7.366582729396441	3456159.034751839	54.26654110904192	2017.870324144696	1327.231746430451	0.974311	18.822416	0.08630885	0.0476009	0.1078492526	-0.0731407775	0.0814875494	0.0069828677	-0.0136304081	0.1668475965	-0.0160810264	0.0588939534	0.1143858503	0.2286047706	0.0379774922	-0.0553196099	0.0374078455	0.0471244242	0.027963852	-0.0212252419	0.0535452418	-0.0374819113	0.0980683699	-0.0906847149	-0.0190247536	0.2068105567	-0.055782974	-0.0333524742	0.085599029	-0.1020967427	0.0445337098	0.0110238948	-0.1204547506	-0.153825701	0.0368782126	-0.1515387127	0.1375811974	-0.1700645462	-0.1260281335	-0.0487696047	0.0770110561	-0.0005968814	-0.050643307	0.0500451516	-0.1256130535	0.1322227757	0.0529016501	0.0134900217	0.0256906564	0.1952177025	0.0160570567	0.0263559119	-0.0970195198	-0.0038459522	-0.0961396706	-0.0991162003	-0.0438914401	0.0334243533	0.0668448828	-0.0377256028	0.0071299981	0.053495359	-0.0006838428	0.041992859	0.0547150203	0.0471209695	0.1230285314	-0.1678085438	0.020836888	0.0724508967	0.1050079944	-0.0407522844	0.0808374558	-0.1683732914	-0.0120936947	0.0494169182	-0.006136958	-0.2250114839	0.0074748539	0.0224583127	-0.0893571596	0.0097185791	0.1083509385	0.0554812434	0.0876732892	-0.0002962807	0.0287102272	-0.0735807328	-0.0275538854	0.0696130298	0.0191253073	-0.0555623317	0.0235722922	-0.0611708985	0.1247985685	-0.0846956057	0.2083109318	-0.0530530092	-0.0674101	0.0963653093	-0.1153983628	0.0782281886	-0.0466698702	-0.0659933097	0.0001578247	-5.51859e-05	0.1112783496	0.0340166575	-0.0138952515	0.0212909831	-0.1315273364	-0.0923497385	-0.0011616358	-0.0226514295	-0.0815485264	0.1157721507	0.0189946963	-0.0215579988	-0.0408522194	0.0284954212	-0.0758712631	-0.0771294028	0.0853651858	0.1036988208	-0.0234231539	0.0670646293	-0.044386592	0.0028318091	0.0107238592	-0.1003460434	-0.0781589047	-0.0096622851	0.0912392418	0.0658224	0.0154804	0.00433258834176	0.00023964278416	-0.0436654	-8.30000000000275e-06	6.889000000004563e-11	0.00190666715716	-0.276073	0.039889	0.001591132321	0.076216301329	0.0036552	-0.0001954	1.336048704e-05	3.8181160000000034e-08	-0.00271893	-0.00013932	1.9410062400000023e-08	7.3925803449e-06	-0.000830007	0.000283903	6.88911620049e-07	8.060091340900003e-08	0.0
1724.491270785964	3.480103552155469	2973870.143016989	12.111120733725116	2587.629366953373	18.359405262344357	337.0677615869975	6695825.740719514	1864.713974448898	5.639195223533079	3477158.206505005	31.80052276911829	2023.5042730219689	1316.255072568766	1.019701	19.699297	0.1423649	0.0822386999999999	-0.002907176	0.0603492796	-0.0755098868	0.0594455753	-0.0523458561	0.0006822626	0.0724965462	-0.051997149	0.0028094055	-0.073109188	0.0028888923	0.0824067587	0.0870293056	0.1141919815	0.1216189297	-0.0018715026	-0.0167074089	0.0612890645	0.0359099261	0.0353529939	0.0616875643	0.0615492936	-0.0704966684	-0.0439824451	0.0998242437	-0.0369385198	0.0583572685	-0.0164481729	0.1270935376	0.2254748135	-0.1187219129	0.0183661673	0.0057549742	-0.0166952202	0.0463955702	-0.1011674224	-0.0686104098	-0.0529931147	-0.0531101124	-0.037590393	0.0275075928	0.0473963311	-0.0761250728	-0.0172307629	-0.043310532	0.1089415291	-0.0353403629	-0.0390718202	-0.003105948	-0.0520784979	0.1412154342	-0.0785164841	0.1286663381	0.0523714081	-0.1428630222	-0.0695204337	-0.0138169449	-0.091442215	0.03240443	0.1229601745	-0.117508569	-0.0974304391	0.0542497587	-0.0307063262	0.0098698232	0.0082610396	0.0422701976	-0.1013343914	-0.1106414677	0.176511021	0.1544720164	-0.0074492764	-0.0320470652	0.1613924791	-0.0274132061	-0.1686601343	-0.0286620619	-0.1123022454	-0.0421547512	0.0216541227	0.0023125429	0.0394446835	-0.0125437671	-0.0398406748	0.1194179669	0.006830019	0.0724234337	-0.1676671438	-0.0480135977	-0.0847068302	0.164141548	0.0770049772	0.1984303639	-0.0027360688	-0.0936765111	-0.0078280168	-0.1058043	-0.0977331597	-0.0040498318	-0.0022877498	0.0952885901	0.0028847975	-0.0006134883	-0.0512492033	-0.0154673551	0.1008620999	-0.0378878621	0.0470624932	0.0890255444	-0.0664502366	-0.0794764573	0.0525747975	-0.0697456488	-0.0967741124	-0.0511305091	0.0121196521	-0.0330498852	-0.1225660132	0.1269203454	-0.0097591712	-0.104246452	0.1110423393	0.0372972328	-0.0403420934	-0.0584368659	0.0606108254	-0.0799218096	-0.004835384	0.0866153656	0.0769276	0.0111051999999999	0.00591785564176	0.0001233254670399	-0.0435672	9.819999999999968e-05	9.643239999999937e-09	0.00189810091584	-0.210296	0.065777	0.004326613729	0.044224407616	0.00286359	-0.0007916099999999	8.2001476881e-06	6.266463920999999e-07	-0.00307674	-0.00035781	1.2802799610000005e-07	9.466329027600002e-06	-0.000671737	0.0001582699999999	4.512305971690001e-07	2.5049392899999983e-08	0.0
1729.3556622442024	4.864391458238515	2990671.006536084	23.662304258983827	2586.9111727011777	-0.7181942521951896	0.5158029838862076	6692109.415446183	1869.3604875948247	4.646513145926747	3494508.632580761	21.590084415270077	2028.3835471416392	1311.2698215102134	1.015027	19.608992	0.24251973	0.113463	-0.1299598348	-0.0279250549	-0.1299824526	0.2033932403	-0.0870648219	-0.134746682	-0.0430274481	0.0107244135	0.1340459918	0.0289885103	-0.0987587446	-0.0292747931	-0.1124635242	-0.0028611317	0.0588373626	0.0318672419	-0.0102035194	0.1182229576	0.0249264887	0.067810276	-0.109013207	-0.1269827033	-0.1111786027	0.1482514111	0.0062649123	-0.0886238564	0.1925837325	-0.0074887143	-0.1353543481	0.0408092999	0.1322208692	-0.0085874513	-0.0577438296	-0.0072804288	-0.1117729359	-0.1251301566	-0.0260066631	-0.0035069053	0.0442877801	0.0278052867	-0.0098374496	-0.0507593425	-0.0475541952	-0.0666983288	0.0945628529	0.0851727895	-0.0591337036	0.1712969342	0.1357854249	-0.0591566669	0.0282563928	-0.1335161377	0.0158966649	0.0533288285	-0.0428763215	0.0341839073	0.0504307173	-0.1139471532	0.0582800048	0.0852457217	-0.049909392	-0.0577837696	-0.0115460704	0.1835343108	0.0306811788	0.1261121054	0.0669326853	-0.1471879027	-0.0771821845	-0.0023757907	-0.027353977	0.1171145164	-0.0585458298	-0.0207914095	-0.0442052166	0.0252247855	-0.098967271	-0.0655862395	0.0563478926	0.0080101258	0.0578003954	-0.049243403	0.1490411318	0.0614760073	0.0279944142	-0.0053640512	0.0497592256	-0.0242597643	0.0995120957	-0.0380852187	-0.0344844417	0.0387976334	-0.0745157469	-0.0733464803	-0.0781131974	0.0190891942	-0.1360699917	-0.0026821256	-0.0125299379	-0.0942981894	0.0181399715	-0.0433926399	-0.1328028566	-0.2263794696	0.0154374543	0.0393915277	-0.0452323652	0.0429921087	-0.0002315879	-0.0137128271	-0.0677593426	0.1057446253	0.1173353743	-0.0390483935	0.0085777863	-0.0481091554	0.1663882144	-0.045813605	-0.0173559254	-0.0299072586	0.0333964453	-0.028964871	-0.0375958887	-0.0514092221	0.0642579382	0.0515793173	-0.0816496581	-0.0	0.0816496581	0.108616	0.0316884	0.011797435456	0.00100415469456	-0.00957687	0.03399033	0.0011553425335089	9.17164389969e-05	-0.138882	0.071414	0.005099959396	0.019288209924	0.00152419	-0.0013394	2.3231551561e-06	1.7939923600000003e-06	-0.00271893	0.00035781	1.2802799610000005e-07	7.3925803449e-06	-0.000260407	0.00041133	6.7811805649e-08	1.6919236890000004e-07	0.0
1727.9564052666603	-1.3992569775421089	2985833.338502079	1.9579200892002775	2580.553079195607	-6.35809350557065	40.42535302557968	6659254.194545929	1866.9852250079173	-2.375262586907411	3485633.8303978634	5.641872356762086	2024.1938862697843	1326.614224715966	0.952864	18.408083	0.0576089199999999	0.0362694	-0.0499179651	0.0097658974	-0.0853691328	0.1037941034	0.0146681949	-0.0645658215	-0.0918973285	0.1099390177	0.0982940705	0.0145108956	-0.0760342657	0.1434808352	-0.0717299528	-0.0146739921	-0.0338878411	-0.0257840872	-0.1824846536	0.0280942438	-0.0521283901	0.1109245904	-0.0018664176	0.0124720688	0.0072767725	0.1917216138	-0.0187515596	0.088935436	-0.0551422224	0.0531550733	-0.0069346868	-0.0151959313	0.1686624133	0.0218438447	-0.1047923377	0.1037043333	-0.180745782	0.0953523637	-0.0580439834	-0.0340015983	0.0632084025	0.021228283	0.0411742798	0.0371013109	0.049290408	-0.0766676856	-0.0255740518	0.0208277288	-0.0092089255	-0.0689309198	0.0488766994	0.08822752	-0.0332288165	-0.0037322472	-0.0877402081	-0.0713924349	-0.0116472386	0.0728467444	0.0672355433	-0.0061771093	0.0881376552	-0.0761398487	0.0063435872	-0.1066161768	0.1366975962	0.1396516959	-0.0158734927	-0.0194326985	0.062583136	-0.0496539271	0.0906679111	-0.0450247496	-0.0441026061	-0.0271500069	-0.0245301297	0.014102209	-0.1276731892	-0.0429698933	-0.0687815456	0.1014064489	-0.0604142599	-0.0587672597	0.0923470757	-0.0539085505	0.0566091234	-0.090541657	0.177490335	0.1154947817	-0.0212820441	0.1052208165	-0.042110749	0.0393761164	-0.1758950002	-0.0851945211	-0.1126026849	0.1206941441	0.0629187623	0.0667145832	-0.0359653102	-0.0689905102	0.0018151856	-0.001512616	-0.0943685364	-0.0567428553	-0.0599350615	-0.1682426106	-0.0427243	-0.0301362295	0.0360868239	-0.0456760806	0.0242055581	-0.0563754169	0.1037575045	0.0684666234	-0.0238722084	0.0259244275	-0.0885823665	-0.0978717273	0.0940187577	-0.0825302659	0.0065088055	-0.0748380084	-0.0172024128	0.1338002794	0.0436552314	0.0113688251	-0.0050832186	0.0278292797	-0.0833416924	0.004835384	0.0763617167	0.11865	0.010034	0.0140778225	0.000100681156	-0.00778285	0.0017940199999999	3.218507760399998e-06	6.05727541225e-05	-0.172142	-0.0332599999999999	0.0011062275999999	0.0296328681639999	0.00149169	-3.249999999999998e-05	2.2251390561e-06	1.0562499999999983e-09	-0.00271893	0.0	0.0	7.3925803449e-06	-0.000478325	-0.000217918	2.2879480562500003e-07	4.7488254724e-08	0.0
1726.129430624554	-1.8269746421062791	2979522.811268247	3.337836342899367	2590.4182470726164	9.8651678770093	97.32153724157617	6710266.694766766	1870.3837614453391	3.3985364374218534	3498335.415078415	11.550049916484022	2031.841496141698	1324.1963366632374	0.940147	18.162407	0.11915829	0.0607858	-0.0039835219	-0.0226267355	0.0557558206	0.1382306952	-0.0639926512	-0.1312016202	0.0470736336	0.0501208301	-0.0268789344	0.0848590938	-0.0927656527	0.120315473	0.0427137548	0.0605990612	-0.072215134	0.0736090073	-0.0177219065	0.0107330404	-0.0568484539	0.0351787717	-0.1600674427	-0.0245233703	0.0556221438	0.1070428413	-0.0761606539	-0.0830973135	0.0388090274	0.1306126594	-0.0413345422	0.0720241486	0.0077281625	0.0589432609	0.0842588518	-0.0507975929	-0.0176383167	0.0637825555	-0.0340206869	0.1064820455	-0.0304278292	0.0877182523	0.0769723829	0.0688524128	-0.0315347622	-0.1027142079	0.029765608	0.0153915041	-0.261927797	-0.0876383466	-0.0251085122	-0.207057396	0.0042368307	0.0559690034	-0.0524503292	0.0682648467	0.1288014295	0.0514961541	-0.0414750228	0.0322777946	-0.1244116853	0.0350942585	0.0224992739	0.1152649934	-0.0381655108	0.0811121847	-0.1210594318	0.009873139	0.1106908564	0.0840755678	0.0290276096	0.0159800597	-0.0459255036	0.2187627562	0.0536720713	-0.0272922463	-0.0623600967	0.0080934202	-0.071296099	0.0721239608	0.0175506319	0.0384808918	-0.0072164548	-0.0225372264	-0.0550583133	0.1209351286	-0.1065734115	0.068701349	0.0101001426	-0.0903270969	-0.0243804577	-0.0490922499	-0.1210242314	-0.0677171215	0.0163180392	-0.0080665334	-0.0196155954	-0.0608803982	0.1215151756	0.0845696998	-0.0202873376	0.120131234	0.1605165126	0.0260105197	-0.0328837912	-0.1190765545	-0.0210350025	-0.082734369	0.002926438	-0.1170763783	0.0324373672	-0.0353954131	0.0195062197	0.1388458439	0.0105054568	-0.0248393549	0.0299631394	-0.0909533871	0.0520639036	-0.0233148205	-0.1004279127	-0.0201811929	0.1081315313	-0.0952756404	-0.0156096381	-0.1417172691	-0.0170812091	0.0754943384	-0.0849971703	0.0096622851	0.0707724105	0.118533	-0.000117	0.014050072089	1.36890000000014e-08	-0.00166471	0.00611814	3.74316370596e-05	2.7712593841e-06	-0.200658	-0.028516	0.000813162256	0.040263632964	0.00218325	0.0006915599999999	4.766580562499999e-06	4.782552335999999e-07	-0.00336086	-0.0006419299999999	4.120741248999997e-07	1.12953799396e-05	-0.000123672	0.000354653	1.5294763583999997e-08	1.2577875040900002e-07	0.0
1725.885849075326	-0.2435815492281108	2978681.9640384587	0.0593319711243665	2582.88559711352	-7.532649959096489	56.74081540627633	6671298.007776464	1866.1242132734328	-4.259548171906317	3482419.5793653885	18.14375062879045	2025.499137392784	1330.2928389189517	0.927573	17.9195	0.03105232	0.014677	-0.023987294	0.0331663491	-0.0351022042	-0.014425955	0.0030666336	0.0146706785	-0.0560191265	0.1352262969	-0.0114003846	-0.0267731915	0.0932433194	0.0400418817	0.0513881156	0.0539784354	0.0044419467	0.0758575743	0.0258751639	0.0117705538	-0.0955409449	-0.1905346698	-0.1291153271	0.0801125031	0.0752383586	-0.0088582953	0.0514489107	-0.0540438016	-0.0246018145	0.0482070488	-0.0463569278	0.0748258409	0.0888057639	0.1485404285	-0.0246768961	-0.0385886043	0.0538265439	0.0044040922	0.0100807752	-0.0360211769	-0.1626371306	-0.0184082177	0.0958951173	0.0657303786	-0.1546260044	0.1573990091	-0.0712962838	-0.0500797026	0.0076538385	-0.0537614623	-0.1162023438	-0.1209691064	0.0349825851	-0.0491939691	0.116330673	0.0699116939	0.0505611751	0.1281132088	-0.0128773106	0.1628914195	0.0799487768	0.0325656105	-0.0463088032	-0.086454783	0.1088965671	-0.0195837612	-0.0928634987	-0.0445898907	-0.0639956395	-0.0330506493	0.0408193531	0.0373853128	0.0804204841	0.0125786697	0.0417333524	0.0596284329	-0.0450856817	0.1381077602	-0.0078799321	-0.0409561329	0.1739817934	0.1795392218	0.1130326639	-0.0968170827	-0.0804044329	0.0719345755	-0.0103311617	-0.152969083	0.0274884988	-0.0479202351	0.0601912252	0.072052983	-0.0773013097	0.1575334842	0.1595732351	0.0787583259	0.0212756483	-0.1058162489	0.0250650645	0.1452694272	0.1506317863	0.0142655271	0.0554803809	-0.015650129	-0.0520502223	-0.0377280708	-0.0380619975	-0.029109729	-0.0123241789	-0.087255168	0.1700043615	-0.0314874209	0.0164632824	-0.0015259191	-0.0280424384	-0.0452558899	-0.0870221801	-0.0725644613	0.109014359	0.0115852226	-0.084816119	-0.0930713486	0.1063174321	0.0272933797	0.0465890192	0.0328803146	0.0264411343	0.0043269121	-0.0866153656	0.0144722352	0.0649037979	0.126081	0.0075479999999999	0.015896418561	5.697230399999999e-05	-0.00534498	-0.00368027	1.3544387272900002e-05	2.85688112004e-05	-0.193105	0.007553	5.704780900000007e-05	0.037289541025	0.00223541	5.216000000000032e-05	4.997057868100001e-06	2.7206656000000332e-09	-0.00336086	0.0	0.0	1.12953799396e-05	-0.000316933	-0.000193261	1.0044652648899998e-07	3.7349814121e-08	0.0
1721.914851914209	-3.970997161116884	2964990.7572427327	15.768818453598351	2578.928060981333	-3.95753613218676	15.662092237563742	6650869.943716939	1862.1592680652864	-3.964945208146446	3467637.1396414437	15.720790503603464	2022.3527860330448	1323.9341304733423	0.962338	18.591118	0.05815158	0.0293595	-0.0322724692	-0.1250237888	0.0284651416	0.0833043689	-0.0310011839	0.0221053598	-0.0047487713	0.1482385942	0.0309709323	0.1522358825	0.0276126961	-0.0865536952	0.0024638838	0.1081779934	0.0574693425	-0.0120090437	-0.0709492945	-0.0116382105	0.1560639902	-0.0124779089	0.0658246735	0.138984827	-0.0287256323	0.0185435601	0.0913729444	-0.0669286996	0.1212516214	-0.0869260199	-0.1109793091	-0.0741984114	0.006186188	-0.0901134405	-0.0417445642	0.0803640522	-0.1473843907	0.0657116663	-0.0692165996	0.0662262771	0.0531615964	0.1370831351	0.0335104552	0.0024727231	0.0444486176	-0.0810241566	-0.1171922222	-0.0884049432	0.0287710466	-0.1258695387	-0.0635166925	0.020337959	-0.1237427454	-0.0053245287	-0.0636561798	0.0920836751	-0.0045017723	-0.0801025914	-0.0179858213	-0.0412181176	-0.1979251664	-0.0783991269	0.0120272339	0.160722569	0.0699803217	-0.1000977054	-0.0712379544	0.1339416544	0.0548999156	-0.0945584632	-0.0207250002	-0.1179482257	-0.009352767	-0.0285151347	-0.0842356586	-0.1571544509	-0.0690773788	-0.0784255192	-0.0813744799	0.0440747718	0.0617189305	0.0206074584	0.0311425839	-0.0667359812	-0.089563875	0.0631441873	0.0451575729	0.0622725618	-0.040135311	0.1882260694	-0.0735274418	0.0481230732	0.0422744641	-0.1087293608	-0.0025191471	0.0435057003	-0.0335990794	-0.0760899894	0.036762389	-0.0206644726	-0.1700333487	0.0767431513	0.0375331004	0.1999682587	-0.0700815984	-0.0529546895	0.0075359705	0.0693361018	-0.0575224988	-0.0956882794	0.0189395681	0.0653413905	-0.112622932	0.0852192176	-0.0111028404	-0.0048307746	0.010974566	-0.0189272309	-0.016703033	-0.0945759489	-0.0197202511	0.0473786253	-0.0880704216	-0.0212046741	-0.0611464044	0.0490015745	0.0621370809	-0.0110922033	-0.0881955685	0.0192567962	0.0587790397	0.136318	0.0102369999999999	0.0185825971239999	0.0001047961689999	-0.0072323099999999	-0.0018873299999998	3.562014528899622e-06	5.230630793609855e-05	-0.203582	-0.010477	0.000109767529	0.041445630724	0.00258635	0.0003509399999999	6.6892063225e-06	1.2315888359999978e-07	-0.00336086	0.0	0.0	1.12953799396e-05	-0.000676998	-0.000360065	4.583262920040001e-07	1.2964680422500006e-07	0.0
1723.390140609069	1.4752886948599553	2970073.5767485467	2.17647673318159	2581.9177404691623	2.9896794878291075	8.938183439946116	6666299.218549385	1863.8284892960864	1.6692212308000762	3473856.637511732	2.7862995173537213	2024.751438701756	1324.069059460399	1.033919	19.973967	0.107842159	0.0561855	-0.0321556857	0.0728041232	-0.140191033	0.0808081906	-0.017488483	0.0084211155	0.0160875182	0.0250090311	0.0656779745	-0.0773816129	-0.0910219604	0.0868080001	0.1822478247	0.158837612	0.171309822	0.0054844053	-0.0830609225	0.0547266381	-0.1280336779	-0.0711274137	0.0496516494	0.0539244706	-0.0623677777	0.0486257	0.0947672508	0.0744091929	0.1256460353	0.0171440579	0.0801094817	-0.0070411749	0.031594313	0.102821554	-0.0522557186	0.1746685662	-0.1072287015	0.0822223384	0.0365645893	0.0956212772	0.0335852788	-0.1393820647	0.0171961877	0.0745182247	0.0269120483	-0.0690962398	0.1427082308	-0.0923007157	0.0228489418	-0.0029627693	-0.1544378906	-0.0055163409	0.0512417449	-0.062195618	0.0662543269	-0.0366361014	-0.1308898528	0.0427098012	0.0941935329	0.0755274917	-0.1012102033	-0.0171925165	-0.1176024523	0.0977188702	0.0121460018	-0.0206115186	-0.0172722018	0.0621093208	0.0800009777	-0.1072706112	0.011842132	0.1525580379	0.1282698917	0.0752738861	-0.2209839806	0.0674273304	-0.1262055426	-0.0230007012	0.0772899696	-0.0133279519	-0.141809592	-0.123504137	0.0420587306	-0.0822514899	0.0317254386	-0.0589593795	0.0284519452	-0.0435308036	0.0014295905	-0.046110759	0.0768306363	-0.1635756988	0.0084999958	-0.0959068759	0.0997840999	0.1581745698	-0.0104207461	0.0171341874	0.0794955658	0.0004865388	0.0280277407	0.0519676266	0.1913144328	0.1077497678	-0.0558196629	-0.1018358076	0.0352265557	0.0643440264	0.0104311373	0.0520207739	0.0846912834	0.0378185875	0.0222356155	0.072161456	-0.0670395811	-0.0806905929	0.0153580775	0.0770544779	-0.0494230329	-0.207866089	0.0170440352	-0.0042528469	-0.1543109317	0.0877598749	-0.0698583569	-0.0928062584	0.0029144853	-0.0970304066	-0.089737086	0.0240075741	0.0524223074	0.153312	0.016994	0.023504569344	0.000288796036	-0.00420396	0.0030283499999999	9.170903722499396e-06	1.7673279681599998e-05	-0.199321	0.004261	1.8156121000000127e-05	0.039728861041	0.00185518	-0.00073117	3.4416928324e-06	5.346095688999999e-07	-0.00362493	-0.00026407	6.97329649000002e-08	1.3140117504900002e-05	-1.06182e-06	0.00067593618	1.1274617124000001e-12	4.568897194329925e-07	0.0
1724.765063553312	1.3749229442430533	2974814.5244540605	1.8904131026059865	2581.887685099943	-0.0300553692190987	0.0009033252188963	6666144.018470744	1866.5955780154493	2.767088719362846	3484179.0518668294	7.656779980825115	2026.1022280371155	1308.4066147680303	0.957697	18.501459	0.115217119	0.0618943	-0.1298841839	-0.0065209808	-0.0341235086	0.1357041967	-0.0998723508	-0.1317085236	-0.0600846401	0.03958742	0.1859314345	0.0598396001	-0.0712863202	-0.056618841	-0.043393882	0.002220971	0.1103434715	0.0291391568	-0.0211184242	0.0080520265	-0.028303708	-0.0580883234	-0.0740283072	-0.0715521521	-0.0843075959	0.143634093	0.0222671628	0.0147750295	-0.0121596761	0.0630725506	-0.11226919	0.0614930727	0.1029455815	0.0650689327	0.0804085451	-0.0147120581	0.0764391398	-0.0944341331	-0.2076624267	-0.0617377523	0.0598957848	0.035055977	0.0537398581	0.0489347018	0.0908488967	0.1366965856	-0.0671981809	-0.0243872374	-0.0532222583	-0.0212574008	0.0032647489	-0.015240383	-0.0068215147	-0.0054065706	0.153621285	-0.0438345361	0.0089081275	0.0392126063	-0.0864047546	-0.040803539	-0.0924744673	0.0058979903	-0.0907666411	-0.0390434786	0.0152404435	0.1543848976	0.0215437583	0.0890619403	0.0911968637	-0.0396700383	0.0469201039	-0.0376051407	-0.0036686956	0.0469535255	-0.0196858756	0.0098387991	-0.0195023264	-0.0488770782	0.0072576021	-0.142485536	0.0815748246	0.1051620127	-0.0527020869	0.0339219531	0.0827578279	0.0742274978	0.1336910256	-0.1057812516	-0.0413657429	-0.0400301713	-0.0340481903	-0.0392517178	0.0940790001	0.1147964821	-0.1717191153	-0.0653934133	0.0644134874	0.0053697522	-0.0128675418	-0.0093630122	0.102074137	-0.0249101568	0.094021523	0.0180905953	-0.1380098244	-0.1262934434	-0.0139816515	-0.0106207621	0.0405957531	0.0076455817	0.0019225193	0.0272087707	-0.0543548487	0.1500889349	0.0371476926	-0.0970109125	0.0178337263	-0.0238118512	0.1398706328	-0.0256951389	-0.0518248393	0.0313747931	-0.030131829	-0.0715879693	-0.0755282853	0.0394466699	0.065128368	-0.0516869771	-0.0912392418	0.0287162347	0.0458586883	0.161039	0.0077269999999999	0.0259335595209999	5.970652899999975e-05	0.013887	0.01809096	0.0003272828337216	0.000192848769	-0.145026	0.054295	0.002947947025	0.0210325406759999	0.00196658	0.0001114	3.8674368964e-06	1.240996e-08	-0.00336086	0.00026407	6.97329649000002e-08	1.12953799396e-05	-0.000327675	-0.00032661318	1.07370905625e-07	1.066761693497124e-07	0.0
1724.633048388606	-0.1320151647059901	2974359.151594176	0.0174280037123497	2567.9556385511964	-13.932046548746712	194.1019210364452	6594396.161566883	1863.2443959662287	-3.351182049220597	3471679.6790995565	11.23042112701836	2017.5846929744023	1320.955692406447	0.92541	17.877708	0.05857118	0.0279489	-0.0890816772	0.0301875061	-0.0745151999	0.0183200521	-0.0275623238	0.0267976438	-0.1922255957	0.1192819079	0.1239495197	0.1021177992	0.0119337717	0.0815491322	-0.1530226459	0.1184638791	0.0910708261	-0.0410643472	0.0271790099	0.0231491567	-0.0454961806	0.0420241207	-0.0815791414	0.0829952572	-0.038272089	0.1084743583	0.0194260854	-0.0913037265	0.0264165211	-0.0294319692	0.0021268035	-0.0718068097	-0.0974204783	-0.0570055756	-0.0187871923	-0.034796308	-0.092753489	-0.0934796441	-0.0040377397	-0.0311223243	0.0616963767	0.0390749327	-0.0258668777	0.1011169293	-0.0585076115	0.2456466739	-0.147417343	0.0230731898	-0.0186213601	-0.1127406288	-0.0830694039	-0.0764562801	-0.0261388562	0.1372829071	-0.1014639423	-0.0162797499	0.0366714843	-0.0450503464	-0.0148714881	-0.1791759643	-0.0192694455	0.1602823925	-0.0367053076	-0.0593140494	0.2415792925	0.0772170265	0.0572908152	-0.0298561291	0.0361229105	-0.0794343414	0.0013489736	-0.0825597201	0.0038278997	0.0050459096	-0.0807760538	-0.1918234799	-0.0253530545	-0.0455317908	-0.0565105805	0.0798824486	-0.0268079073	0.076012083	-0.0099458544	-0.1099511932	-0.0416739595	-0.0417199104	0.0637455031	0.12552729	0.0632431474	-0.0460215622	-0.2161653577	-0.0468803055	0.1716843407	0.124132699	0.0156665393	-0.0734760254	0.0491356519	0.0306792209	0.1242909184	0.0320611441	0.0201837212	-0.0108456605	-0.1569161383	0.0606449505	-0.0946942895	-0.0907458916	-0.0707604441	-0.0792057635	-0.0129410028	-0.0407493152	0.0588766315	-0.0460398626	0.0939609623	0.0897865283	-0.0713133414	-0.0179685029	-0.098710284	0.0251672075	0.1106681231	-0.0957385594	-0.0175540179	-0.0750985549	-0.0515007867	0.0934842624	0.0263043311	-0.0778010633	-0.0763885492	0.063887675	-0.0927013771	0.0333745172	0.0391140859	0.153357	-0.0076819999999999	0.0235183694489999	5.901312399999992e-05	-0.00305618	-0.01694318	0.0002870713485123	9.3402361924e-06	-0.163431	-0.018405	0.000338744025	0.0267096917609999	0.00182777	-0.0001388099999999	3.3407431729e-06	1.926821609999996e-08	-0.00341725	-5.6390000000000346e-05	3.179832100000039e-09	1.16775975625e-05	-0.000443295	-0.00011562	1.96510457025e-07	1.3367984400000008e-08	0.0
1724.1826230052277	-0.4504253833783878	2972805.717473187	0.2028830259915676	2590.6323224325133	22.67668388131688	514.2319918531766	6711375.830032078	1867.85269034929	4.60829438306132	3488873.6728450805	21.236377120954515	2028.895222246903	1326.5753597129565	0.952454	18.400164	0.04712517	0.0254665	-0.0768652777	0.0105372449	0.0737276974	0.0925419271	-0.0776345899	-0.1596287661	0.0188481729	0.0686412823	-0.0485730302	0.0824540899	-0.0415707212	0.1879206439	-0.0073725318	0.0508222636	-0.0503624244	0.1242522298	-0.0113858928	0.0149836181	0.0464777259	-0.0391326995	-0.0536197425	0.0139873294	0.0973322259	0.1734684321	-0.0081869946	0.0525224332	-0.0101048717	0.0941104876	-0.0173296349	-0.0916672137	0.079964341	-0.1058349271	-0.007146188	0.0034654824	-0.0687949835	0.0209546633	0.0411938045	0.0618760197	0.069945887	-0.1733154403	-0.0808181231	-0.0415387805	0.0345683542	0.033617624	-0.0920742639	0.0610533659	0.0201557779	0.0053270076	0.0446583584	-0.0320149338	0.0942294608	0.1177978351	-0.101009482	-0.216872255	0.0107923872	0.0475380919	-0.0168928704	0.0357704081	0.0542041299	0.0987197813	0.0214425281	0.1014439912	0.0355310952	0.1195120482	-0.1540688491	-0.0180507316	0.1163784943	0.0367828609	0.0284897934	0.0202543071	-0.0396457496	0.0783009641	-0.0153763482	0.0201939968	-0.0719666289	0.1097382535	-0.089881686	0.0217882215	-0.1123659347	-0.0703183193	0.0242631001	0.010510929	0.0464817953	-0.1454936715	0.0034973837	0.0126244968	-0.0352673047	0.0773102556	-0.0711146031	0.0418519184	0.0032734167	0.0870553432	0.0719313857	-0.0878188547	0.049683106	0.0541821611	0.1084638173	-0.0103387998	0.0073470759	0.0902387861	0.0038516188	-0.0913069675	-0.1058612537	-0.0488168328	-0.0788390375	-0.0819649357	-0.0444033224	-0.1282096058	0.0459409246	-0.0927521648	-0.041105788	0.1079908755	0.0096492076	-0.0293258438	0.0387054802	0.0295491786	0.0416433546	-0.0017838687	0.010131703	-0.005349795	-0.0494731201	-0.0501057227	-0.0681750953	-0.060509732	0.0331219622	0.0736651298	-0.0941228505	0.0379742494	0.032215118	0.142088	-0.011269	0.0201889997439999	0.000126990361	0.00427284	0.00732902	5.37145341604e-05	1.82571616656e-05	-0.16356	-0.000129	1.6641000000004642e-08	0.0267518736	0.00215953	0.00033176	4.663569820900001e-06	1.1006469760000013e-07	-0.00341975	-2.499999999999898e-06	6.2499999999994905e-12	1.16946900625e-05	-0.000676998	-0.000233703	4.583262920040001e-07	5.4617092209000014e-08	0.0
1726.1286523602712	1.9460293550434928	2979520.124499086	3.787030250690992	2585.717439815757	-4.914882616756131	24.156071136491597	6685934.678567354	1866.5851851939683	-1.2675051553217145	3484140.2535856008	1.6065693187671235	2026.5757770007544	1326.8867342984715	0.945084	18.257782	0.0353949079999999	0.0163678	-0.0650898168	0.0058644854	-0.0475413339	-0.0381382763	0.0271104645	0.02843704	-0.0421015611	0.1993265319	-0.0800756339	-0.1386525456	0.0218668944	0.0729026188	0.1048489837	-0.00901155	-0.0289415814	0.0814576286	-0.0634765078	0.0752746411	-0.0482520582	-0.150238586	0.0432784146	0.0365403864	0.0415360203	0.0422109686	0.03441318	-0.0563898377	-0.0311120094	0.0667835397	-0.0651984232	-0.0524705726	-0.0330379298	0.1721997969	-0.0785521522	-0.0326749868	0.0132371359	-0.1611097414	0.1178813895	-0.040129537	0.0711367175	0.0068098859	0.011127075	0.0191494052	0.0510736858	-0.0330316681	-0.0275195263	-0.1853012579	-0.081089565	0.0307750664	0.1140479395	0.1534546839	-0.1106401528	-0.0312392204	0.1612852418	-0.1251128791	0.028183563	0.0715425307	-0.0667036014	0.1150921904	-0.0255335106	0.0065275634	-0.2087744453	0.1031510175	0.0778757228	0.0051806386	-0.0886756068	-0.0360159433	-0.0676847284	-0.1379689363	0.0873773309	0.1422963951	-0.014710883	0.0801236442	0.0231733296	0.0720880213	-0.0281809029	0.0731059615	0.0428945787	0.1666465052	0.0754406204	-0.0438427352	-0.0130669743	0.0527248399	0.0205030027	-0.02860303	0.0185658419	-0.1203744638	-0.0790222884	0.0248489873	0.0361141614	-0.0386624382	0.0768355967	0.157833106	-0.0920476039	-0.006244736	-0.1535391982	-0.0232551835	-0.1035180768	-0.1010823842	0.0504812555	0.1274857372	-0.0521156326	-0.0166466405	-0.0879624607	-0.017069548	-0.0612532584	0.0100982581	-0.1076777866	-0.0617742138	0.1397963291	-0.060526005	0.0107880774	0.0069756557	-0.0673262288	-0.0499930192	-0.075730452	-0.0037639419	0.0334272029	-0.0292819826	0.0249345072	-0.0651769951	-0.0143300589	0.0495978732	0.0602881069	0.0675790969	0.0094134811	0.0368818013	-0.0955030384	0.0425073619	0.0251890118	0.137642	-0.004446	0.0189453201639999	1.976691600000005e-05	-0.000366918	-0.004639758	2.1527354298564e-05	1.34628818724e-07	-0.173251	-0.0096909999999999	9.391548099999957e-05	0.0300159090009999	0.00209243	-6.710000000000006e-05	4.3782633049e-06	4.502410000000008e-09	-0.00336086	5.889000000000024e-05	3.468032100000029e-09	1.12953799396e-05	-0.000883371	-0.0002063729999999	7.803443236409999e-07	4.258981512899997e-08	0.0
1723.9851319961924	-2.143520364078768	2972124.735343929	4.594679551220373	2587.472820889159	1.7553810734016224	3.0813627128566323	6695015.598840101	1866.715263088636	0.1300778946676928	3484625.8734480757	0.0169202586811793	2027.0898259064493	1324.5285453146932	0.935077	18.064466	0.056955298	0.0327285	-0.0757803033	-0.0535741826	0.0871419095	0.0773785019	-0.0287526714	-0.0495692465	0.0177505893	0.020428454	-0.1148840512	0.0061139417	-0.0116717471	-0.0569712318	0.0779078831	0.1534735395	0.172673526	0.0095552645	0.0357194139	-0.0148597492	-0.0035658429	0.0676156708	-0.0303421355	0.025899093	0.046434542	0.092299864	0.0119102782	-0.123777396	0.1004973746	-0.0006931889	-0.161468512	0.1188589313	0.1409033313	-0.1689154665	0.0141231783	-0.0716534826	0.1634538165	-0.0595289499	-0.0273857467	0.0425028464	-0.0292996616	-0.1061172431	-0.0571613137	-0.1571307761	-0.0008270552	-0.108006412	-0.1178845353	0.0496013363	-0.095476049	0.082544368	-0.0615702834	0.0690431723	-0.0515658426	-0.1625375798	0.0443713146	-0.0694231583	-0.058025523	-0.083796907	0.1305648725	-0.0970753418	-0.029748899	0.0628279696	0.0330085872	0.0025891667	0.0142855175	0.0208334902	-0.1257935479	0.1130586555	0.029901601	-0.0329340472	-0.1117238161	0.1882786693	0.0806449141	0.0443026656	0.0597799387	-0.1299800356	0.0439347118	-0.076655592	-0.0831333575	-0.0723120761	0.0927013575	0.0120658171	0.0939503487	0.1366075168	0.1161120227	-0.0789083866	-0.1569986606	0.0183244053	-0.0758173415	-0.0300948667	-0.0913051137	0.1024936815	-0.0721590411	0.057754028	-0.1031732938	-0.1347783478	-0.1298760323	0.144147069	-0.022878752	0.0291173134	0.1166694716	-0.270355691	0.0572323476	0.0751688322	-0.1129322085	-0.0136923936	-0.0535958496	0.0782881484	-0.0404913675	-0.0534252519	0.0287391749	-0.0402687946	-0.1030895551	0.0957980534	-0.0963874712	-0.0485471642	0.0113575183	-0.0965171264	0.0249580317	-0.0011997726	0.0171746167	0.0089698098	-0.0693648269	-0.1266959833	-0.0396622238	0.0678763795	0.0601126002	0.0183513431	-0.0968413356	0.0469659021	0.0180634961	0.142127	0.004485	0.020200084129	2.011522500000015e-05	0.00800093	0.008367848	7.002088015110401e-05	6.40148808649e-05	-0.173622	-0.000371	1.3764100000000758e-07	0.030144598884	0.00251727	0.0004248399999999	6.336648252899999e-06	1.8048902559999974e-07	-0.00378276	-0.0004219	1.779996100000002e-07	1.43092732176e-05	-0.0008554819999999	2.788900000009998e-05	7.318494523238289e-07	7.777963210055767e-10	0.0
1725.5689316676574	1.5837996714649307	2977588.137936661	2.5084213993324225	2585.596665172577	-1.8761557165817069	3.519960272862217	6685310.114951552	1864.837598736678	-1.8776643519579463	3477619.2696619797	3.5256234186136552	2027.262483554164	1317.0198721893923	0.975204	18.839674	0.0779875499999999	0.0346911	-0.0976301822	0.0497499883	-0.1069860517	-0.0310946607	-0.0168740469	-0.035740556	-0.0752429402	0.1298061921	0.0802568286	-0.1389473406	0.0273880381	-0.1379166072	0.1218919272	0.0105665251	0.0269309987	0.005062974	0.0499345966	-0.0390728243	-0.0446227912	-0.0561392273	-0.033893061	0.0382741658	-0.054685604	-0.0052591058	0.1155808776	-0.0777555689	-0.0067469514	-0.0922527878	2.75313e-05	-0.0014534356	-0.0066586594	0.0195795523	0.0123904299	-0.0044149127	-0.0601457696	-0.0056799985	-0.0126553358	0.073854025	-0.1099487927	-0.0172443836	0.0888677539	0.0158642498	0.0252682037	0.0419045859	-0.0464606896	-0.0840630696	0.023926288	0.0869120269	-0.0202060492	0.084375622	0.1466897294	0.0238442963	0.0369749911	-0.1457035126	-0.1003325675	-0.1522665186	-0.0107847475	0.0043987035	0.0444366821	-0.065923019	-0.128635121	0.1864416316	0.0218106677	0.0081971171	-0.0220537526	0.07206422	-0.0814900307	-0.1021900394	0.078264109	-0.0677986588	0.0912572504	0.0079699542	-0.0097477278	0.1139988756	0.0091912275	0.0632494142	-0.0071660032	-0.0204987778	0.0130973798	0.0291131784	-0.0525800216	-0.0180064777	0.0534152568	-0.0718996242	-0.0126340038	-0.18990953	-0.0364771316	0.0795550633	0.0018491578	-0.1120407893	0.0102900525	0.0244475287	-0.1141563749	-0.0605523224	-0.1318953621	-0.10121388	0.0660749977	0.0277589647	-0.0138697568	0.0144683275	-0.0047031421	-0.0353596586	-0.0990968765	-0.0151451482	-0.0258515088	0.0873040032	-0.0471284931	0.0819673063	0.0765816832	-0.0032678896	-0.0142956335	0.0998220739	-0.0315864175	-0.0273028902	-0.1429379959	0.0764443023	-0.0613235473	-0.052891225	-0.013989651	0.0035848119	-0.104045145	0.0220665248	0.0387626037	-0.0064588096	-0.0556304186	-0.037384108	-0.098137155	0.0513420481	0.010866692	0.153275	0.0111479999999999	0.023493225625	0.0001242779039999	-0.00610522	-0.01410615	0.0001989834678225	3.72737112484e-05	-0.191072	-0.0174499999999999	0.0003045024999999	0.036508509184	0.0021049	-0.00041237	4.43060401e-06	1.700490169e-07	-0.00385086	-6.809999999999976e-05	4.637609999999967e-09	1.4829122739599998e-05	-0.00108068	-0.0002251980000001	1.1678692624000005e-06	5.0714139204045083e-08	0.0
1726.6241336323635	1.055201964706157	2981230.89884171	1.1134511863197338	2589.1904022650765	3.593737092499396	12.914946290006007	6703906.939181589	1869.2036733287664	4.366074592088353	3493922.372385754	19.06260734367948	2030.664963135976	1317.06282824535	0.983349	18.997019	0.06598992	0.0377876	-0.0773986812	-0.057161041	0.0730490926	0.1301881627	-0.0044454224	-0.1069070991	0.0452564721	0.0159063011	0.0904513772	-0.0077229446	-0.0519385447	-0.1389328191	0.0028752591	0.053705811	0.0820481381	0.073261986	-0.0308597681	0.0404278642	0.0672884413	0.0904619871	0.0430878371	-0.104459641	-0.0158914675	0.0620591095	0.1229896856	0.0158434573	0.0346396057	0.0442919892	-0.0376371313	0.0750649115	0.0238579084	0.0444003195	0.0275525533	0.0297298029	-0.04606591	-0.0796129771	0.076645407	0.0034910229	0.0964733402	0.0268899007	-0.1493644746	0.10204882	-0.1278478242	0.0318112882	0.1662382439	-0.1039908041	-0.0448530135	0.0333742228	-0.0438010255	-0.0765471423	0.0349906559	0.0398599078	-0.0276755954	-0.1116609036	0.0248200772	-0.0320548834	0.0059978243	-0.1710638097	0.1338765055	-0.0681555112	0.0535470572	0.0776367454	-0.1121660546	0.0828897048	-0.0289226655	0.1300278339	0.0292881037	-0.0565270214	0.0288418952	0.0150429053	-0.0287807202	0.0511131495	0.0167466575	-0.0398224903	-0.0549134281	0.0264831245	0.0777444346	-0.0365124636	-0.0288969519	0.06750104	-0.127058629	-0.0359210542	0.0821891985	-0.0580375512	0.0364033049	0.0756089318	0.0063405857	-0.0490083705	0.1554412784	-0.0435157839	-0.073235744	-0.0005953438	-0.1045022009	-0.1279026583	0.0325709215	-0.0771702665	0.1433694005	0.0705709241	-0.0310274005	-0.1442091337	-0.0477621983	0.0524108308	-0.0934494197	-0.021163585	-0.0351515705	0.0818897992	0.0353285057	-0.0073445824	-0.090437777	-0.0274082507	-0.0506204712	0.1449276489	-0.064377554	-0.0517580105	0.0607378562	-0.0560471483	0.0338130461	0.0316920076	0.0156746812	0.0711301338	-0.1140703506	-0.1233289241	0.0366985803	0.1125158518	0.0242168959	-0.0142580202	-0.0993899282	0.0556281227	0.003627002	0.153265	-9.999999999982244e-06	0.023490160225	9.999999999964491e-11	0.0252112	0.03131642	0.0009807181616164	0.00063560460544	-0.208906	-0.017834	0.000318051556	0.043641716836	0.00214868	4.378000000000021e-05	4.6168257424e-06	1.916688400000018e-09	-0.00395971	-0.00010885	1.1848322500000041e-08	1.56793032841e-05	-0.00089672	0.00018396	8.041067584000001e-07	3.3841281600000015e-08	0.0
1721.7895149548665	-4.834618677497019	2964559.1338085146	23.373537756803028	2572.172056513956	-17.018345751120705	289.62409210468815	6616069.088311233	1861.0282944115204	-8.175378917246007	3463426.3126002527	66.8368204405505	2020.269751931915	1329.3348506868742	1.06408	20.556637	0.0421780999999999	0.0257943	-0.0513428874	0.0424848229	-0.0630277612	-0.0983903099	0.0081332267	0.0396575333	-0.1323711339	-0.0833530603	-0.022660623	-0.0646132912	-0.0770023843	0.0135183704	0.0103031295	0.2611529217	0.0691052367	-0.1023420427	-0.0204419325	0.0256473878	0.0039718568	0.0102034954	0.0320717035	0.0971636111	-0.0710480325	0.0586795909	0.0516442446	0.0438061246	-0.0063932856	-0.1458439549	-0.0740646451	-0.0166631501	-0.1499020338	0.0131032577	0.0056624059	0.1137398455	0.1555750893	0.1740243461	-0.0829519331	0.0375131087	0.1870037952	0.002959953	-0.0153518951	-0.0428769517	0.0718518263	0.0191842527	0.0627851863	-0.148375526	-0.0526290348	0.055762576	-0.1965731403	-0.0802447714	-0.016982141	0.0039129805	0.1448464934	0.06785443	0.092818589	0.0383533718	-0.0399504252	-0.0787573592	0.0600907311	0.05704711	0.0329086596	-0.010962432	0.0848794026	0.0007462237	0.0450945138	0.1116644228	0.0341222628	0.080246496	-0.0690660126	0.1526793306	0.2320059503	-0.0893931536	-0.1089042471	-0.1204173725	-0.0489146339	-0.0053693337	0.2516995892	0.0654562131	-0.0424249572	-0.0619246192	-0.1124829387	0.1153078409	-0.0364293188	0.0055342893	0.0162208325	-0.0648396877	0.1114778668	0.0134072779	-0.1062090381	-0.0082686566	-0.102166312	-0.0744560836	0.0530160899	-0.1258480695	0.0782362309	-0.0047176447	-0.0221194943	0.1713615981	0.0605535101	0.0244351841	0.1359595444	-0.031950209	-0.0428728685	0.0059872195	-0.0756971602	-0.1002611515	-0.0611808059	0.0340423852	-0.0201276946	0.0011169932	0.1537741949	0.1270600393	-0.0633696179	0.0286990784	-0.1182245389	0.036632782	-0.1443838585	-0.1310886902	-0.0216683117	-0.0051674173	-0.0352045151	-0.0571743227	0.0119889026	-0.1053447495	-0.0902237949	0.0986867228	-0.1005991057	0.0598166067	-0.003627002	0.153283	1.7999999999990246e-05	0.023495678089	3.239999999996489e-10	0.0251921	-1.910000000000106e-05	3.648100000000405e-10	0.0006346419024099	-0.226606	-0.0176999999999999	0.0003132899999999	0.051350279236	0.00201176	-0.00013692	4.0471782976e-06	1.8747086400000003e-08	-0.00395971	0.0	0.0	1.56793032841e-05	-0.00054482	0.0003519	2.968288324e-07	1.2383361000000006e-07	0.0
1718.3954482914476	-3.3940666634189256	2952882.916708765	11.519688515731678	2580.0345779793884	7.862521465432565	61.819243794387845	6656578.423569281	1863.795886009343	2.767591597822502	3473735.1047053514	7.65956325233771	2025.8178564343984	1310.984887248383	1.099941	21.24942	0.07109192	0.038941	-0.0554060612	0.0241493384	0.1683641058	0.07357323	-0.1313779157	-0.1384134284	-0.0758437351	-0.0303670859	-0.0238462675	0.1518851055	-0.1099419673	0.0014110303	0.0050573642	-0.0168391938	0.0972915515	-0.0238711063	-0.0017135878	0.0001669761	0.0611742774	0.0181827196	-0.122702192	0.0930128651	0.0246417306	0.1264642388	0.0475947369	-0.0375360933	-0.0073726351	0.0485628443	0.0287777925	0.0321684104	0.1022830799	-0.1293695039	0.0573921264	-0.0312047247	0.0237856028	-0.006242023	0.0661115263	0.0684875264	-0.0721637839	-0.0043513936	-0.1040090456	-0.0114587455	0.0861945491	0.0820640595	0.0279942065	-0.041058972	0.0851797606	0.0129208301	0.0445362523	0.1237878686	-0.0585514016	0.0817075522	0.0499439936	-0.0702315256	0.0212450388	0.0108384704	-0.0493919774	0.0924116279	-0.0012181298	0.0006335374	0.1123446844	0.0904853925	0.0294445689	0.0354739899	-0.1025384458	0.103139603	0.1336727124	0.1312677942	0.0436439011	-0.0602853378	-0.0212063229	0.0002555783	0.0927353314	-0.0692887651	0.0506603713	-0.0082785933	-0.0956512082	-0.0846779645	-0.0719706064	0.0030667233	-0.0093068271	-0.0269651473	0.0617010492	-0.0774114384	0.0054008567	-0.0596868122	0.0128570749	0.0164341696	0.0075565607	-0.0034989402	0.0361452403	0.0905578444	-0.0842290786	-0.007198296	0.0635119792	-0.0059085528	0.0163417526	0.0202347437	0.0923225693	0.0791314756	-0.1139699625	0.0791000681	-0.0305984998	0.0483386175	-0.0858238095	-0.0729560738	0.0951558271	-0.0613505785	-0.0215368691	-0.0725337433	-0.1262960757	0.1393898871	-0.1063816653	-0.0907132818	0.1147638965	-0.0285196865	-0.0511948624	0.0865515467	-0.0252484999	-0.0511993128	0.111273644	-0.0881417405	-0.0484235088	0.0214993384	-0.1778165593	-0.0236612618	-0.1017641571	0.063900152	-0.010866692	0.156674	0.003391	0.024546742276	1.1498881000000036e-05	0.00666828	-0.0185238199999999	0.0003431319073923	4.44659581584e-05	-0.237617	-0.0110109999999999	0.0001212421209999	0.0564618386889999	0.00265707	0.00064531	7.0600209849000005e-06	4.164249961000001e-07	-0.00395971	0.0	0.0	1.56793032841e-05	-0.000662832	-0.000118012	4.393462602240001e-07	1.3926832144000006e-08	0.0
1723.3260635165889	4.93061522514131	2969852.7211955823	24.31096649839529	2578.980427391506	-1.0541505878823043	1.1112334619326083	6651140.044868475	1866.97189872876	3.176012719417031	3485584.070642871	10.087056793898764	2026.3582593693743	1314.9769215633582	1.139142	22.006735	0.10634813	0.0555769	-0.0394638323	0.0548838814	-0.0971705492	-0.1836019473	-0.120144073	0.0339328207	-0.0464506553	0.0564236038	-0.0016636465	0.007796191	0.1875756145	-0.062363392	-0.0443058501	0.0532627777	-0.1121013255	-0.0663623752	-0.1560750725	0.1185419095	-0.1008639617	-0.0001214776	0.1151153585	-0.008778044	0.0179944917	0.0235057766	0.0149980414	-0.0676576386	-0.0672113995	-0.0117462639	0.0641758353	-0.1076898883	0.0166629872	-0.0260078144	0.0075707083	0.0546697589	-0.0805630428	0.0470914483	0.0281709911	0.0133558597	-0.0421352416	-0.0885039155	0.1794972297	0.1029280621	-0.0467918938	0.0894931473	-0.1279468665	0.0041475042	0.0799856617	0.0349740278	0.1026915164	-0.0046235204	0.0164380317	-0.0310618212	0.0590365625	0.0159518416	0.0277564848	0.1074993193	0.013093206	0.0364937968	0.1904535949	-0.0165711962	-0.0984427542	-0.0152730839	0.0356401199	0.0050750637	0.0071643855	-0.0161275841	-0.1131797275	-0.0924580562	-0.0551950095	-0.1308624416	0.0065308105	-0.0494468278	-0.0059423695	0.0604203488	-0.0724616393	0.0586175695	-0.0640045703	0.058707395	-0.0138471555	-0.0327223358	-0.0027770957	-0.1229384284	-0.0802281709	0.0301074478	-0.0899920722	-0.2002375679	-0.1362669596	0.0597934141	-0.0827067534	-0.0189826149	0.0246061277	0.1543002784	0.0495762805	-0.0287588777	0.024748086	0.0795837246	-0.0228547164	0.1299999544	0.1688284648	0.0297385964	-0.0375280121	0.1111832077	-0.0344896826	0.0517883481	-0.032525216	-0.0421243976	-0.1846472	0.1050381225	0.125393038	0.0440950154	-0.0360492821	0.0901417971	0.1838890737	-0.0158335352	-0.1072066225	0.2669023356	-0.0096425222	0.0657145608	-0.1110545868	0.0405211723	-0.0418791666	0.0602799672	0.0689061705	-0.0824646798	0.1155097187	0.0562242668	-0.1028845713	0.0678715947	-0.0180634961	0.153111	-0.003563	0.023442978321	1.2694969000000076e-05	-0.0166759	-0.02334418	0.0005449507398724	0.00027808564081	-0.24214	-0.0045229999999999	2.0457528999999994e-05	0.0586317795999999	0.00192474	-0.00073233	3.7046240676e-06	5.363072289000001e-07	-0.00455647	-0.00059676	3.561224976e-07	2.07614188609e-05	-0.000493563	0.000169269	2.436044349690001e-07	2.8651994361e-08	0.0
1728.9722191698595	5.646155653270625	2989344.9346611486	31.879073660959843	2575.423936830186	-3.556490561320061	12.648625112758682	6632808.4543978935	1866.8206999388244	-0.1511987899355062	3485019.525720082	0.0228610740779613	2022.8535125893795	1343.1956411169233	1.133605	21.899771	0.0703894499999999	0.0371362	-0.0380820289	0.0365480812	0.0402073309	0.0841612222	0.0799061722	0.1014985706	-0.0621383797	0.1230579562	0.1284654777	0.0525120431	0.0992711639	-0.0073031774	-0.1920958648	0.1672983895	0.0143200661	0.1163237691	0.2094539096	-0.1610602187	-0.0266998738	0.2483354861	-0.0877403164	-0.0328518535	-0.0270585081	0.0392302885	0.0028673487	-0.1624523376	-0.0225851627	-0.1022206949	0.070868204	-0.1465512905	0.049366739	-0.0916372226	-0.0506009561	0.021677717	-0.0107136821	0.0008322198	0.0807147975	-0.0828823884	0.0602773955	0.1741291442	-0.0582457002	-0.0090932714	-0.1284695327	0.0082847202	-0.0809693048	0.1299859255	0.0464261896	0.046349353	0.115535421	-0.1059579173	-0.2428215433	0.0641878667	0.133455338	0.1359047271	-0.0303095758	0.0721858195	0.0518729304	-0.112271049	0.044623499	-0.0246528945	0.0526724338	0.0994117418	0.1143481232	0.0643307636	0.0613927692	-0.0275225014	-0.0824834345	-0.1517702047	-0.080957106	-0.0975089239	-0.0340772775	-0.0369115557	0.0792791961	-0.2696344081	-0.1237704483	0.0047103302	0.0153056252	0.0062800361	-0.0058549891	0.0945237576	-0.0824435077	0.032970215	-0.0047680861	0.0642055775	-0.2553411152	0.2775622541	0.0442540125	-0.0948087497	0.0703360358	-0.0332734271	0.1018247729	-0.0293016145	-0.0366441661	0.020124374	0.1192254239	-0.0547197997	-0.0646542426	-0.0759284298	0.1047626266	-0.0291164287	0.1100591431	0.0058496086	-0.0614304321	-0.0089722586	-0.0708633503	0.1579820998	0.045205751	-0.0308367542	0.0223639424	-0.1188223455	-0.082991528	-0.0030884213	-0.1039799123	0.0978134086	0.0531565664	0.0358479346	0.0387495151	-0.0550678338	0.0784302414	-0.1276534617	-0.031752778	0.0983171932	0.1669658635	0.1356565575	0.0066430727	0.0563952765	-0.103959857	0.0717239676	-0.0251890118	0.144512	-0.0085989999999999	0.020883718144	7.394280099999992e-05	-0.018704	-0.0020280999999999	4.113189609999992e-06	0.0003498396159999	-0.237641	0.004499	2.0241001000000028e-05	0.0564732448809999	0.00172286	-0.0002018799999999	2.9682465796000003e-06	4.07555344e-08	-0.00420343	0.0003530399999999	1.2463724159999985e-07	1.76688237649e-05	-0.00104391	-0.000550347	1.0897480881000002e-06	3.028818204090001e-07	0.0
1724.1686643119283	-4.803554857931204	2972757.582995179	23.074139273154465	2594.0416707567983	18.617733926612345	346.6200165621323	6729052.189622722	1868.9147696542047	2.0940697153803285	3492842.416231629	4.38512797287305	2033.351766110132	1334.495941261967	1.046573	20.218414	0.1147579499999999	0.0568501	0.0159055628	0.0585851068	0.0259257232	-0.0273400656	0.0145791483	-0.0724206841	0.1540748397	0.0807070225	-0.0145486575	0.0280204419	-0.133017487	-0.0116583464	0.0597120452	-0.032971548	-0.1955797512	0.0760859914	-0.0709040531	0.0075939918	0.0693119487	0.0610831438	-0.0510280284	-0.0268600259	0.1180508734	-0.1060444123	0.0705880066	0.014091433	-0.1537668439	-0.0715792072	-0.0556187785	0.0523416015	-0.0180032728	0.0905845385	0.0372842974	-0.0328257972	-0.0282828018	-0.0688408909	0.0135434181	0.209198466	0.1960865464	0.0373018826	-0.0027974382	-0.0088835776	-0.0479605786	0.0611364909	-0.009445369	0.00775887	0.0754934666	0.1412417058	-0.038960342	-0.0713198483	0.0976119787	0.0219422974	-0.0316066983	0.015596597	-0.0638619187	0.1270489003	-0.1808455174	-0.0985079344	-0.0992309564	0.0664515422	0.2045524727	0.0441371756	-0.1405272579	-0.0390151212	-0.1432530478	-0.0459771085	0.0124004292	-0.038289305	0.0654930924	-0.0752510664	0.015954791	0.1297912113	-0.0029367723	0.0997841171	0.0204380575	0.1126769606	0.130336376	0.0635004874	-0.1676288969	0.1893908831	-0.06836447	0.074712797	-0.0235846074	-0.0115850712	-0.020532538	0.0552141462	0.126104231	0.0940454734	-0.0603611902	0.0383075547	-0.0327576569	0.0850521979	-0.0499241336	-0.1014408036	0.0604535959	-0.1077069803	0.0368746003	0.0345747712	-0.0219259911	0.0781889197	0.0298114015	-0.009901829	0.0465125699	0.0308861432	-0.1190579324	0.0427461335	-0.0313580589	0.0909922206	-0.0084484709	-0.0244149842	-0.0544125477	0.2253260405	0.1122357943	0.2474823878	0.3306034705	0.039904894	-0.100243102	0.1698431983	-0.1314950218	-0.1569270225	0.0512924848	0.2358700545	-0.2445251055	-0.0559197015	-0.1877490056	-0.0600616313	-0.1049895425	0.0754505123	-0.032215118	0.132291	-0.012221	0.017500908681	0.000149352841	-0.0397754	-0.0210714	0.00044400389796	0.00158208244516	-0.284307	-0.0466659999999999	0.0021777155559999	0.0808304702489999	0.00188765	0.0001647899999999	3.5632225225000004e-06	2.715574409999998e-08	-0.00443863	-0.0002351999999999	5.531903999999984e-08	1.97014362769e-05	-0.000747909	0.000296001	5.59367872281e-07	8.761659200100004e-08	0.0
1723.0032810607483	-1.1653832511799465	2968740.306546104	1.358118122130742	2577.7098043897404	-16.331866367057955	266.7298590314388	6644587.8356469935	1864.6666200606967	-4.24814959350806	3476981.6039685826	18.046774968822696	2022.404476748564	1325.492442845474	1.027593	19.851746	0.19204545	0.0958298	0.061513072	-0.0348007208	0.0911290562	-0.1513673995	-0.0267563637	0.078994171	-0.0281184091	0.0204615884	-0.0153318302	-0.0079217598	0.0222685871	0.1427538629	0.0757787312	-0.0159157885	-0.0279056569	-0.0022972913	0.0352845688	0.0739245104	-0.0238636535	-0.1693989951	0.1683019525	0.0601110151	0.0182518063	-0.0555677254	-0.0382818835	-0.0643516228	-0.0209736074	0.1062503206	-0.1072146103	-0.0005512948	0.0436414664	0.1198767781	0.0565992833	0.0684826016	-0.0113169477	-0.0707520987	-0.029424265	0.0205830147	0.0654400638	-0.0239683383	-0.0711686662	-0.0647833881	-0.0436238664	0.1614621843	0.0389942589	-0.0301791441	-0.0399201066	-0.0975351282	-0.0142804414	0.0966275721	-0.0245332545	-0.0351475598	-0.0892789324	-0.0042469823	0.0102520434	-0.0820312886	0.0276471077	0.0725880388	-0.0513174672	-0.0566060789	0.0920213923	-0.1657582869	0.090918882	-0.0564948221	0.0047458601	-0.0842669681	-0.0033359138	-0.0250746899	-0.0021937555	0.0842105703	0.0548509235	0.1541473017	0.0091658093	-0.0004466955	0.0269930716	0.0811084254	0.0565868211	-0.1171435206	0.0202583327	-0.0464762399	0.0636296568	-0.0011833347	-0.0822913762	-0.1483683004	0.1331343284	-0.0062445619	-0.0045033149	0.0378446215	-0.0436314167	0.1276644854	0.0849103668	-0.0094398959	0.0855140272	0.0072770492	0.0277854821	-0.0552354988	-0.0400602072	0.0928589363	-0.1128076512	0.0239217386	0.0078278779	-0.0708537573	0.0886561313	0.1435635392	-0.0255504546	-0.0825652092	-0.0376621972	-0.0580779887	0.036314057	0.081732114	-0.036716378	0.0537829237	0.0074361616	-0.0160854577	-0.0540770314	0.2413660962	-0.1891777938	-0.0329254597	-0.1257128379	0.0161279266	0.0365015418	0.1720696239	0.1442515731	0.1624266323	0.0036182659	0.0541348794	-0.105973176	0.0790446912	-0.0391140859	0.181871	0.04958	0.033077060641	0.0024581764	-0.0401552	-0.0003797999999999	1.442480399999997e-07	0.00161244008704	-0.342983	-0.058676	0.003442872976	0.1176373382889999	0.00263694	0.0007492899999999	6.9534525636e-06	5.614355040999998e-07	-0.00479019	-0.0003515599999999	1.2359443359999994e-07	2.29459202361e-05	-0.000180566	0.000567343	3.2604080356000004e-08	3.218780796490001e-07	0.0
1727.9322896935048	4.9290086327564495	2985749.997765438	24.2951261017876	2576.9670864313725	-0.742717958367848	0.5516299656821044	6640759.364550597	1865.7061536480444	1.0395335873477052	3480859.4517601803	1.080630079223989	2025.061486105059	1349.3660853666674	0.962269	18.589788	0.0581485499999999	0.0344906	0.0459176964	0.0270297413	-0.0492694431	-0.1185325677	0.0968902422	0.1068292317	-0.0007707236	0.0946363707	0.0975185426	0.1132960949	0.0457473166	-0.0890653577	0.0804715947	-0.024337585	0.0258425564	0.0163071122	0.1694196833	0.0211013214	-0.0249211121	0.1450252088	-0.0496120685	0.029507945	0.0169465391	-0.0670739885	-0.0497761361	-0.1721203408	-0.0023365324	-0.0596034419	-0.0063239363	-0.0218310687	-0.0379971831	0.0577464782	0.1196221702	0.2247429421	-0.1452722445	-0.0655567092	-0.1370038248	-0.0511217475	-0.048212529	0.0692522542	0.0164303794	0.1319529749	0.041145093	-0.014399106	0.0231355088	-0.045912631	0.0217751886	-0.0170619316	-0.0001830818	0.0273893779	0.057897572	-0.0434610396	0.0194416951	-0.0698283561	0.0981046208	0.0383504673	0.0662627424	-0.0208528342	-0.0888004012	-0.0254185065	0.022232266	0.0780993989	0.0417920835	-0.0973309038	-0.0122063107	-0.0181211738	-0.1078004399	-0.0902686583	-0.0963421697	-0.0704102378	0.0277429162	0.1039992348	0.0001231729	-0.0821710084	-0.0337337875	-0.0005816224	0.0037202428	-0.0793722017	-0.0150971283	0.0801022312	-0.1724242527	-0.0786173462	0.0846377821	0.0576383408	0.1154450308	-0.0471334791	-0.1269903367	-0.0424018402	-0.0333846687	-0.1853862851	-0.0265414074	-0.0706444715	-0.0303289489	0.0279463888	0.0010367168	-0.0441921835	-0.0951000067	-0.032158978	-0.0759208945	0.1795337368	-0.0292993353	0.0283615354	0.0497274634	0.1131781717	0.0073443894	0.0446947856	-0.061461204	0.037984866	0.0943101769	0.0762106176	0.0461799405	-0.029448874	-0.1070530509	0.0196207509	0.0839900508	0.0957471058	0.0689275543	-0.0059810496	-0.0074118623	-0.0487834375	0.1839889283	-0.0566860747	-0.0569371423	0.1536517952	-0.0380576933	-0.1066599442	-0.1069103263	0.0825001988	-0.0458586883	0.181755	-0.000116	0.033034880025	1.3456000000001158e-08	-0.0399846	0.0001705999999999	2.9104359999999973e-08	0.00159876823716	-0.329703	0.0132799999999999	0.0001763583999999	0.108704068209	0.00207565	-0.0005612899999999	4.3083229225e-06	3.1504646409999985e-07	-0.00464574	0.0001444499999999	2.0865802499999988e-08	2.15829001476e-05	-0.000366465	-0.000185899	1.34296596225e-07	3.4558438201000003e-08	0.0
1726.5138628378936	-1.4184268556111874	2980850.118571425	2.0119347447190403	2592.814379115563	15.847292684190506	251.13668541839797	6722686.404548422	1865.274935369652	-0.4312182783924072	3479250.5845182594	0.1859492036197116	2028.2464480554909	1339.5526342266362	0.941171	18.182198	0.0700322	0.0385771	-0.0052632839	0.0435290598	0.0947101915	-0.0267526477	0.0552746618	-0.0502090471	0.1135272883	-0.02220309	-0.0590507811	-0.0407967808	0.1879885675	0.0187927815	0.0606910955	0.0234191635	0.0717609492	0.0590189215	-0.0161190548	-0.0376977467	0.1742420056	-0.0156777202	0.1454158611	-0.0140475692	-0.0117631118	-0.0866707228	0.0459564639	0.0475424571	-0.0467262496	-0.0858907066	-0.0162343398	0.0972408932	0.030934943	0.0851678314	0.0672028052	-0.0567133301	0.11832102	0.100447509	0.0233064187	-0.0303674857	-0.0053947209	-0.0165650761	0.0224464877	-0.1540623822	0.0380944891	0.083686395	-0.1125943157	0.0255168527	0.0260841776	-0.0278580492	0.1082242216	0.020330199	-0.0203365989	-0.0364555751	0.0586345964	0.0205892355	-0.0424337951	-0.0349706173	-0.0191792365	0.1131572435	0.0749159989	-0.2438282428	0.0404546897	0.0778990766	-0.0497080717	-0.0601957442	-0.0186501792	-0.0050077398	-0.0356345217	0.0071594861	-0.0662996267	-0.0307769771	0.1175505016	-0.0667099816	0.041645749	0.1815970949	-0.0184590463	-0.0756833148	0.0169004215	-0.0543843643	0.1169568503	0.0391778438	0.0056147478	0.1368462593	-0.2043558326	0.0628870183	-0.0300262151	-0.0159373845	-0.0536964925	0.153100519	0.097976252	0.125418048	0.0807766392	0.0674350977	0.0400253502	0.0859516269	0.0412129524	0.0150665475	-0.0339923645	-0.0195048126	-0.1181154946	-0.0776444165	0.0849710729	0.0102054015	0.0232734261	0.1165353209	-0.0028025043	0.1042078768	0.0777419364	0.0145436219	0.0230009328	-0.0045510616	-0.0561997731	-0.0098655851	-0.0916238323	0.0861785172	-0.07168328	0.0236423057	-0.1075791352	0.0274383793	-0.0694536935	-0.0155540117	0.132915707	-0.1425972719	-0.0235798922	-0.021236691	0.0780004768	-0.0246000633	-0.1078005821	0.085810973	-0.0524223074	0.165105	-0.0166499999999999	0.027259661025	0.0002772224999999	-0.0214696	0.018515	0.000342805225	0.0004609437241599	-0.300532	0.029171	0.000850947241	0.090319483024	0.00215206	7.640999999999985e-05	4.6313622436e-06	5.838488099999977e-09	-0.00465813	-1.2390000000000144e-05	1.5351210000000356e-10	2.16981750969e-05	-0.000391589	-2.512400000000001e-05	1.5334194492100005e-07	6.312153760000007e-10	0.0
1728.258265611952	1.7444027740584716	2986876.6326560327	3.042941038142891	2587.892674114383	-4.9217050011798165	24.223180118638417	6697188.492734893	1867.956953816408	2.6820184467560466	3489263.181311074	7.193222948739717	2028.438629000632	1326.8621879807813	1.003292	19.382282	0.1132742	0.0612699	-0.0581669691	-0.1091038924	-0.1254781308	-0.0245775638	0.0256866708	-0.0519900757	0.0142073914	-0.0279469113	0.033070323	-0.0475622292	-0.0211414493	-0.0436089399	-0.1229371564	0.0170897946	-0.0402657034	0.0020751204	0.0890399406	0.1235716921	-0.0349898241	0.0265603924	0.0332900297	-0.097989156	-0.043311469	-0.0138221831	0.0449399251	-0.0370179859	0.0402812557	-0.1023546508	0.0128717509	-0.1141326744	-0.0043853267	0.0317681393	-0.0185996542	0.1002941619	0.0516152504	0.0399572768	-0.1006649497	-0.2341458996	-0.1111396362	-0.0107344575	0.1140489015	-0.0136670142	-0.0150013869	-0.151305807	0.0824227253	-0.0212398991	0.0423896721	0.0406219339	-0.0076868183	-0.0151141027	0.013230654	-0.0301411147	-0.2172214545	-0.0177676183	0.0897005754	0.0140132367	-0.0916582219	0.0300717495	-0.0164380154	-0.186820793	-0.0053147378	-0.0146743846	-0.0443625151	0.0805957265	0.0539408768	0.050938664	-0.0428043597	-0.1225416094	-0.0723557992	-0.0122203648	-0.0334913246	-0.1064777888	-0.0563269896	-0.0160632566	0.1113031801	-0.0317997193	0.0435550749	-0.0074895476	0.113051831	-0.097549967	0.0439690944	0.1580776522	0.040913048	0.0233199618	0.0632054528	-0.0834466936	-0.2235032958	-0.0861843139	0.0718633954	-0.0781160811	-0.1197393913	-0.0306489414	0.1621076325	0.1433406972	-0.0181402584	-0.0496063107	-0.0603022127	0.0066217833	-0.0499398566	0.0638394291	0.0610069461	0.0517825018	-0.0506354297	-0.0153371354	0.0442571628	0.0747929717	-0.0160914154	0.0837981186	-0.1151168683	0.1316037478	0.0093866796	-0.006107134	-0.0661227836	-0.0297883263	0.0032028976	0.0251008147	0.1317908079	-0.0346527431	-0.0403278199	-0.0781623104	-0.0560571523	0.0130413541	0.0847206987	0.0143041403	0.1367370773	-0.009510942	-0.108643553	0.0889712056	-0.0587790397	0.18174	0.016635	0.0330294276	0.000276723225	-0.0118053	0.0096642999999999	9.339869448999998e-05	0.00013936510809	-0.268957	0.031575	0.000996980625	0.072337867849	0.00121898	-0.00093308	1.4859122403999998e-06	8.706382863999999e-07	-0.00459343	6.47e-05	4.18609e-09	2.10995991649e-05	-0.000501807	-0.0001102179999999	2.51810265249e-07	1.2148007523999983e-08	0.0
1730.4065829968094	2.148317384857364	2994306.942478694	4.6152675860803845	2576.376120429245	-11.516553685138206	132.6310087826704	6637713.913918047	1868.4062757193155	0.4493219029075135	3490942.011147323	0.201890172432429	2026.3438227871584	1339.0832237809302	1.024664	19.795174	0.064104628	0.0317015	-0.0258615314	0.1137562402	0.0526185358	0.033503572	0.0727603368	-0.0313929433	-0.1320286481	-0.159463225	-0.0443458774	0.0255150282	0.135033777	-0.0694387192	-0.0761710968	-0.0624933912	-0.1189199067	-0.006251402	-0.1229281152	0.1094041983	0.0920636773	0.1012223158	0.0219471562	-0.1145614953	-0.0791714656	0.0702903413	-0.0624719339	0.0357237193	-0.001014238	-0.1070848858	0.0836998178	0.0093601103	0.0652810776	-0.0611653407	-0.09880055	-0.2035557844	-0.0721917321	0.0838507752	-0.0178581714	-0.0384172336	-0.0409671804	-0.011305543	0.0392369591	-0.1000325224	0.0162242036	-0.1020995625	-0.0442331993	-0.021266985	0.0031075828	-0.1721476045	-0.0699026084	0.092097882	0.0746250008	-0.1004562482	-0.1716887624	-0.0184969291	-0.1084768688	-0.0034615406	-0.1099509761	-0.1086100112	-0.0204041212	-0.0333692114	-0.1435304794	-0.0109565258	0.0075856895	0.1003690703	0.12829887	0.0465618756	-0.1111351097	0.1023223771	-0.0318196046	-0.0913116748	-0.0561553586	-0.0860374598	0.0512255252	0.0869775195	-0.058169304	-0.0986612609	-0.0913341693	0.1129651024	0.0943759005	0.06125049	0.0912277123	-0.0193116223	0.0971705832	-0.075790914	0.0041877734	0.0873322322	-0.0347215918	0.083186009	-0.0158653921	0.0750413076	0.0072663224	0.0261301076	0.0989009369	0.0166819422	-0.0636162905	0.0650263268	0.0249415747	-0.0496847362	-0.0972159343	0.1109754555	0.0399707602	-0.0179201183	-0.0315899447	0.0040801	-0.0114836182	0.0136816845	0.1561644691	0.0388217366	0.0053466584	0.0221804629	0.0869704417	0.0362456862	0.0045665851	0.1409589874	-0.043759838	0.0722472538	0.0513680513	-0.0490478847	-0.0103146259	0.021290617	-0.0719278462	-0.0641817033	-0.0167288887	0.0665414789	0.0691979401	-0.0790096017	-0.1094388693	0.0919753525	-0.0649037979	0.202291	0.0205509999999999	0.040921648681	0.0004223436009999	-0.000463022	0.0113422779999999	0.0001286472702292	2.14389372484e-07	-0.268931	2.6000000000026e-05	6.760000000013521e-10	0.0723238827609999	0.00109288	-0.0001260999999999	1.1943866944e-06	1.5901209999999966e-08	-0.00445411	0.00013932	1.9410062400000023e-08	1.98390958921e-05	-0.00012352	0.0003782869999999	1.5257190400000003e-08	1.4310105436899994e-07	0.0
1730.901023548986	0.4944405521764565	2996018.353322927	0.2444714596365592	2591.8251333740927	15.44901294484771	238.67200097007208	6717557.521989633	1871.9422656021336	3.5359898828180576	3504167.8457476487	12.50322445139166	2033.166609676472	1332.2248007937012	0.976744	18.869427	0.073367045	0.0374776	0.0009598883	-0.1282369299	0.0450269066	-0.0038555759	0.0676553071	-0.0177552877	0.1136883347	-0.0176133697	0.0300412051	-0.0723810804	-0.0470395414	0.0645500143	-0.0325363829	-0.0475636391	-0.1059354879	0.1306810699	-0.0137988305	0.0254859673	-0.0546161437	0.0199182264	0.0912979672	-0.1425735372	0.0840258803	-0.0396275834	-0.0623830849	0.0011998962	-0.0186927194	0.0153900623	0.0346094712	0.0398566615	-0.0427093515	-0.0535451613	0.0973822212	0.1566554512	-0.0286140329	-0.0245035501	0.0606040351	0.02320588	-0.1285298424	-0.0133365841	-0.0849000425	-0.0992209229	-0.1041627179	-0.0557027151	-0.0792073195	-0.0214748405	0.0667983677	-0.0550996488	0.1098191035	-0.0129479461	-0.005105171	-0.0393204905	-0.0400534465	-0.0806740466	-0.0745141652	0.1900684807	-0.0406815413	-0.0465219442	0.0392807148	0.0991764089	-0.0774037531	0.0637928314	-0.1224739266	0.0798199153	-0.0169694845	-0.1009205414	-0.0152315975	-0.0421942457	-0.0212069104	0.0243927274	-0.0858796281	0.0566686287	0.0132305363	0.0123247429	-0.0269715214	-0.0663770092	-0.0069015378	-0.0405547197	-0.0536624016	0.0490150073	-0.0440457537	0.0519487371	0.0331185465	-0.0540798391	-0.1263846031	-0.0552866636	-0.0675714441	0.0485123687	0.0372840341	-0.1040373485	-0.0745584339	0.0246619359	0.0572414784	-0.0905807761	-0.1025828427	-0.0462807464	0.0807501607	-0.0985602958	-0.06410008	0.0768043562	-0.0934421809	0.1795638285	-0.0178049063	0.0116720978	0.0290481172	0.0075127171	0.0327895572	-0.0391887958	-0.1494348054	0.1153739603	0.069975063	0.078428111	-0.0541287207	0.1035140673	-0.0182449586	-0.0796831984	0.088545992	0.0644931422	-0.0926126091	0.035709007	-0.0555328006	-0.0712571933	0.1326537254	-0.0133407277	0.1772453173	0.0457392998	-0.1101861821	0.0948181434	-0.0707724105	0.19852	-0.0037709999999999	0.0394101904	1.4220440999999974e-05	0.00656255	0.007025572	4.935866192718401e-05	4.30670625025e-05	-0.297735	-0.028804	0.000829670416	0.088646130225	0.00133773	0.00024485	1.7895215529000005e-06	5.995152250000002e-08	-0.00476372	-0.00030961	9.585835210000005e-08	2.26930282384e-05	-2.65054e-06	0.00012086946	7.025362291600001e-12	1.4609426360691604e-08	0.0
1730.014547156598	-0.8864763923879764	2992950.333373449	0.7858403942612014	2587.060343214663	-4.7647901594295945	22.7032252633971	6692881.219433971	1869.1909337411448	-2.7513318609887847	3493874.746780093	7.569827009292009	2028.8060351735464	1352.2202008800762	1.047127	20.229116	0.028403613	0.0155378	0.0163145321	0.1544671826	0.0390368119	-0.0539551264	0.1046561673	-0.0469865324	-0.0804328948	0.0291030216	-0.0275174725	-0.1858272831	-0.0702644234	0.1075806999	0.0208718692	-0.0862891222	-0.1134820365	-0.005225825	0.0287995156	-0.1244574539	0.0029550126	-0.0411003873	-0.0315137545	-0.0251574939	0.1000677738	-0.0053378161	-0.0267724464	-0.050978424	-0.1180936192	0.1200219099	0.2068892268	0.0112091985	-0.026955456	0.1690541917	0.0307219519	-0.0034193217	-0.0024983184	0.060691388	0.0108813792	-0.0222306563	-0.0543271989	0.0996117492	0.0102547289	-0.0203513681	-0.0632277662	0.0340051795	0.0283979979	-0.0139763675	-0.0835488676	0.0844265295	-0.1209471972	-0.0459325885	-0.1166414037	-0.0141622598	0.0329518301	-0.1416891442	-0.114809751	0.0010589226	0.0851219747	-0.0947539161	0.1182485871	0.031793035	-0.0233257988	-0.035000168	0.0410803361	0.0962898961	-0.0217313827	-0.1404615564	-0.1050724242	0.0565805387	0.1940209307	0.0706100592	0.0563251529	0.0297422342	0.0667147906	0.0558270434	0.0592513192	-0.042967551	0.0134753879	-0.0420020351	-0.0865293714	-0.0490825431	0.0147155576	0.035331603	-0.1539656904	0.0142293991	0.0754785624	0.13775668	0.0771314048	-0.0978126011	0.040904219	-0.1008072689	-0.0561458776	-0.0591742249	0.0233606736	-0.0073335014	0.0121638307	-0.1010835249	0.001254062	0.0459772549	0.0057690844	-0.0744756415	-0.0179355023	0.1260590984	0.0018034206	0.0490147906	-0.0517478849	-0.1126223263	0.1153370156	0.0149180231	0.0782123114	0.0115629287	0.178373883	-0.0155075406	-0.0349380024	0.1383071738	0.0577866462	-0.0982425565	0.0586227574	-0.0205251387	-0.0630599404	0.0828430712	-0.0816789667	-0.1059798555	-0.0727236737	0.1195556715	-0.0489798404	0.0808739911	-0.1108851636	0.097494591	-0.0763617167	0.203231	0.0047109999999999	0.0413028393609999	2.2193520999999933e-05	0.00661854	5.5989999999999686e-05	3.1348800999999647e-09	4.38050717316e-05	-0.295798	0.001937	3.7519690000000856e-06	0.087496456804	0.00131656	-2.1170000000000043e-05	1.7333302336e-06	4.4816890000000173e-10	-0.00459343	0.00017029	2.8998684100000007e-08	2.10995991649e-05	-0.000245183	-0.00024253246	6.0114703489e-08	5.882199415365161e-08	0.0
1723.5995483157965	-6.414998840801445	2970795.4029544177	41.15221012748388	2582.3197079838696	-4.740635230793487	22.47362239144041	6668375.074241898	1863.0889227093933	-6.102011031751545	3471100.333922448	37.234538631617546	2023.4350936951064	1341.9218084451834	1.080337	20.870695	0.058455715	0.0336463	0.0147178183	-0.1051395582	0.1702269777	-0.0152939311	0.0154692741	-0.0305748054	-0.0744415728	0.0675227579	-0.1795431196	0.0840162118	-0.1065134108	-0.081469829	0.0802502505	-0.1222739541	0.0355293283	-0.1486238096	0.0179155411	0.0477242843	0.1115108021	-0.0172396759	0.0155074905	0.1223045213	0.0329356968	0.087727738	-0.0075955575	-0.1302469571	0.0115735893	0.0855933213	0.182059442	0.0594470404	0.0083070305	-0.03013287	0.0677456749	-0.1771725316	-0.0119023224	0.0352976349	0.0599036785	-0.0895589317	0.0324663483	-6.08332e-05	-0.0081219554	-0.0315606777	0.0219397974	0.0642953213	0.0169498277	0.0218903191	0.0886542965	-0.0603716858	-0.1239951489	0.0839674757	0.1345992777	-0.0811559578	-0.0783693471	-0.001317096	0.0030549929	0.0708333371	-0.0040554068	0.1598926439	-0.0169479169	0.0604892113	0.0018733826	0.0073559536	0.0968665176	-0.047283805	-0.1046125315	0.1344262077	-0.0864315013	0.089675282	0.0459753635	0.0923266495	-0.0977310173	0.0404543177	0.1312101577	0.0597570568	0.1779523877	-0.0933105482	-0.0661069061	-0.0240596385	-0.0084842434	0.047482725	-0.0146080164	-0.0467191839	-0.0274637169	-0.1684880691	0.024965809	0.0794840597	0.0313852381	-0.0324712715	-0.1667761528	0.0414381921	-0.0495217356	0.164678773	0.0609055053	0.0920624989	0.0619398808	-0.0482739989	-0.0291479425	0.018957977	-0.0772826988	0.0831704389	-0.067859293	-0.1349204344	-0.0054016153	0.0900901218	0.0078539434	-0.041780075	0.0426183173	-0.2317699918	-0.0467310675	0.0291605047	-0.0191046078	0.0357898786	-0.0913474979	0.0970241665	-0.0102430866	0.0045166485	-0.1104016306	-0.0216602272	-0.17399698	-0.0123633806	-0.0145137268	0.0020384211	0.0209959232	-0.0662229051	0.0023839661	0.0476249686	-0.1115355072	0.1	-0.0816496581	0.203224	-7.000000000007001e-06	0.0412999941759999	4.900000000009801e-11	0.00650805	-0.00011049	1.2208040100000091e-08	4.23547148025e-05	-0.268997	0.026801	0.000718293601	0.0723593860089999	0.00170189	0.0003853299999999	2.8964295721e-06	1.4847920889999993e-07	-0.00465547	-6.204000000000019e-05	3.848961600000023e-09	2.16734009209e-05	-6.18085e-05	0.0001833745	3.820290672249999e-09	3.362620725025e-08	0.0
1721.911015207837	-1.688533107959529	2964977.5442940835	2.851144056675466	2588.3683971363766	6.048689152506995	36.58664046365579	6699650.959294336	1863.8480177429017	0.7590950335084017	3473929.433244144	0.5762252698971215	2028.742717680403	1330.445874603317	0.984448	19.01825	0.13826717	0.0650215	0.015412538	-0.0219328244	0.0773680501	-0.172112371	-0.0159170787	-0.0360794726	0.0620189186	0.0261545045	-0.0194188784	0.0338526715	0.0877096521	-0.0965247714	0.075425225	0.0032635796	0.0795663152	-0.2048958219	0.0628405709	0.0348983948	-0.0378765728	-0.0011405777	0.023114636	0.0661993509	0.0163709756	-0.0538754815	0.0198376068	-0.0195357838	1.18226e-05	-0.0609605894	-0.0165142165	0.0786021797	0.0052295031	-0.0370136012	0.0214579821	0.0502161711	-0.0081104772	0.1410350224	0.0076797659	0.0202634215	-0.0180313721	-0.0873758602	-0.0100335177	0.0607897374	0.0796586795	-0.0137965529	-0.0719860022	-0.0061645064	0.0996282806	0.0244989578	0.0628647021	0.0373224699	0.0642738062	0.0444197434	-0.0135117493	0.1044917278	0.0671696499	0.0038262833	0.1013468763	-0.0458055166	0.018364543	-0.0396963709	-0.01286701	-0.1098605519	-0.0461533986	-0.0883491949	-0.0851026172	0.0998156624	-0.0469263633	0.0334342941	-0.0542860213	-0.0954183821	0.0410065919	-0.0714624274	0.0969292686	0.0043496613	0.0492888356	-0.0514914135	-0.0330008993	0.0393698392	0.0049079238	-0.0054917321	-0.0730570827	-0.0787983059	-0.0609889847	0.0051553716	0.0584715813	-0.1854658102	0.0237057379	0.0534248191	0.0010068458	-0.0507366611	-0.1443300063	-0.0443801453	-0.1002203487	0.0949832837	0.15069369	-0.0662706059	0.0323854147	-0.0881002198	0.0353179769	-0.1389478914	-0.0135795821	-0.0461510977	0.0194756983	0.1615785585	0.0010187808	-0.040527043	-0.0433162602	-0.0087877311	0.0968956037	0.1275583392	0.0193544203	0.0016925127	-0.0927510921	-0.018192262	0.0534776775	-0.0201967248	0.1251823039	0.1406433025	-0.1446496271	0.0920564801	0.0178392201	-0.0704556068	0.00326348	-0.0048742466	-0.1000683328	0.0849869122	-0.1121369276	0.102329975	-0.0866153656	0.219884	0.01666	0.048348973456	0.0002775556	-0.0108948	-0.0174028499999999	0.0003028591881224	0.00011869666704	-0.311415	-0.042418	0.001799286724	0.096979302225	0.00233788	0.00063599	5.4656828944e-06	4.044832801000002e-07	-0.00510741	-0.0004519399999999	2.0424976359999969e-07	2.60856369081e-05	8.598789999999998e-05	0.0001477963999999	7.393918946409997e-09	2.1843775852959995e-08	0.0
1727.0100328662866	5.099017658449611	2982563.653620812	25.999981081180955	2582.979450996541	-5.3889461398357525	29.04074049805066	6671782.844270391	1865.9307726929603	2.082754950058643	3481697.648482548	4.33786818199378	2027.243250926178	1332.9921762624806	0.921909	17.810074	0.040227145	0.0196804	-0.0122124431	0.0190575887	0.0630866028	-0.1157031907	0.0178595546	0.0139082666	-0.0017261968	-0.0640120242	-0.0371646563	0.031367638	0.1736159771	-0.0971434241	0.0630282638	-0.0949192469	0.0106114936	-0.0552980265	-0.012300164	0.07219606	-0.0312904023	0.0433738138	0.1686477137	-0.0265265744	-0.026213031	-0.0628766887	-0.0091046016	-0.0212132992	0.0830850355	-0.0853093511	0.1731300725	0.061458539	0.0015058446	-0.0915346957	0.0394325129	-0.0057811132	-0.0224023614	-0.0009112863	-0.10457934	0.0129898252	-0.008124742	-0.0599740327	-0.0085565565	0.0811510478	0.0221139411	-0.0291808676	-0.0173186708	0.1272884628	0.0802339784	0.0833851432	0.0404773678	0.0253283886	0.1391538438	0.0006817375	-0.0205718177	-0.031229263	0.0735886682	0.0657472955	0.0207976618	0.0198885446	-0.0756005092	-0.0724366076	0.1209099549	-0.0121034092	-0.047467942	-0.0546372671	0.0317533236	0.0433571399	-0.1082953039	0.0320697487	-0.11295176	-0.0998776701	-0.005227621	-0.0206867108	0.042370705	0.0829125873	0.0508878305	-0.1091121812	-0.0815932268	-0.0630257893	-0.0230441554	0.0164673448	0.0131679186	-0.0249615553	-0.0447902302	0.0416409161	-0.0002930078	-0.0618380596	-0.0750311701	0.009511494	-0.0514133284	-0.0594295138	-0.0783876623	-0.0020645247	0.050592078	-0.001971089	0.0109403662	0.0709431524	0.0466007751	-0.0619751357	-0.0300556812	-0.0556599255	-0.0152932574	-0.1316246584	0.0134342177	0.1591608972	0.0425637215	0.0699024821	0.0633821737	0.0153372884	0.0154243397	0.1412333501	-0.0848823733	0.0014680587	-0.0026105624	0.0135426466	-0.0187936702	0.1789978442	0.0628915468	0.0144972905	-0.0545136913	0.0229429788	0.0206641807	-0.0540264169	0.0471112983	0.0566469538	0.004609054	-0.0624943437	-0.112689161	0.1044804285	-0.0912392418	0.219597	-0.000287	0.0482228424089999	8.236900000000544e-08	-0.0157278	-0.004833	2.3357889000000005e-05	0.00024736369284	-0.327038	-0.0156229999999999	0.0002440781289999	0.1069538534439999	0.00218806	-0.00014982	4.7876065636e-06	2.2446032400000048e-08	-0.00499904	0.00010837	1.17440569e-08	2.49904009216e-05	-4.5505e-05	-0.0001314929	2.070705025e-09	1.7290382750409997e-08	0.0
1725.62148498728	-1.3885478790066372	2977769.509449705	1.9280652122938309	2564.821951435392	-18.15749956114905	329.694790313128	6578311.642564852	1863.1320026306944	-2.7987700622659304	3471260.8592266617	7.83311386143604	2021.0435624276904	1340.672370570654	0.952068	18.392704	0.1420386	0.0751107	0.0490030536	-0.0448610293	-0.0388025798	-0.0640216165	0.1012624494	0.2382687578	-0.1874353418	-0.0062018407	-0.0783289126	-0.0333890808	-0.0799207509	-0.2358557045	-0.0308881619	0.0014076071	-0.0078548631	-0.0019233174	0.0067992487	-0.1697968425	-0.0773875659	0.0793716791	0.0773330361	-0.0056127095	-0.09412239	-0.133918979	-0.0697812108	-0.0298031363	0.1796536147	-0.0374140124	0.133718227	-0.0835725161	-0.0470091628	-0.0151279481	0.1382153188	0.0758914254	0.0155435594	-0.0287630414	0.1483428869	-0.2065688824	0.1129274695	0.0620554144	-0.0274381583	-0.0104544424	0.0415953442	-0.0075818371	-0.0941782756	-0.1146303635	-0.2368365436	-0.0351800166	-0.0668513122	0.0743252358	-0.0219913114	0.0165216364	0.0534297431	0.2465712712	0.0336076737	0.0401498199	0.0266801327	0.0926196449	0.0437746789	-0.0191256873	-0.0785937342	-0.087167872	0.0271016684	-0.1294397724	0.1827682851	0.0941063201	-0.2166833292	0.0035595963	-0.0177495614	0.037992968	-0.1704167966	0.0079798066	-0.0564311996	-0.1544998963	0.0896057093	-0.0809431425	0.2143589138	0.0420746417	-0.0063544451	-0.0224089215	-0.037397224	-0.2367209449	-0.1173849373	0.0492515686	-0.0917334936	0.0826059104	-0.1362602992	-0.0666704218	0.1065832955	-0.0323364873	-0.059314952	0.060448768	0.0295116279	-0.0615448752	-0.1357212818	0.0012380761	0.0017840615	-0.0224439655	0.1023056116	-0.0329512952	0.0357020502	-0.165286296	0.0458867244	0.0726929943	0.0638517133	0.0622313104	0.043901008	0.0760764941	-0.0584045141	0.1514431046	0.0314950053	-0.0272031831	-0.0004286112	0.0456579157	0.0429238621	-0.0361938848	0.0738344267	0.0612807249	0.0211869362	0.029995325	-0.0177816131	0.0700960611	-0.0021173221	0.0220905155	0.0439643725	-0.1364585197	-0.1131919653	0.1064475877	-0.0955030384	0.208773	-0.010824	0.0435861655289999	0.000117158976	-0.0260754	-0.0103475999999999	0.0001070728257599	0.0006799264851599	-0.361132	-0.034094	0.001162400836	0.130416321424	0.000953884	-0.001234176	9.09894685456e-07	1.523190398976e-06	-0.0045993	0.00039974	1.5979206759999998e-07	2.115356049e-05	-0.000147049	-0.000101544	2.1623408401e-08	1.0311183936000005e-08	0.0
1726.6561395612855	1.0346545740055717	2981341.424284681	1.070510087510651	2591.2787894538733	26.45683801848145	699.9642779361653	6714725.764673531	1871.252986861317	8.120984230622526	3501587.7408374	65.95038487401973	2033.8755039971809	1345.2282125901068	0.953252	18.415575	0.0813706999999999	0.0594653	0.073170916	0.0132367866	-0.0434749575	-0.0407637709	0.049657433	-0.01936668	0.1457199114	-0.0258516013	0.1584045853	-0.0600919536	0.0438354644	-0.0246163563	0.0386379846	-0.1300558478	-0.1236083947	0.0663305821	-0.0563238672	-0.0768334218	0.073023749	-0.02549511	0.0686329581	-0.1002726067	0.1303410633	-0.1064271566	-0.0545610497	0.0788388584	0.0045126208	0.0197789678	-0.1622436294	-0.0597186042	-0.0142123879	0.059287861	0.0001848005	0.0392835214	0.0617556386	0.0752947271	0.1007176585	0.0145579983	0.1258617308	-0.0694794871	0.0902034529	0.0367084823	0.1197970385	-0.0693920289	0.1027001512	0.1389220546	-0.0886885782	0.0059737341	-0.0294891675	-0.0965216883	0.0869024222	0.0107410451	0.0592913193	0.0272518268	-0.0392849527	-0.133460225	-0.0157632663	-0.0776988816	-0.0074082556	0.129891755	0.0234594915	-0.0167830714	-0.1709231741	-0.0035487628	-0.0140458239	-0.1485356988	-0.0069088086	0.0231185752	0.0574902973	-0.1098851258	0.0176092002	0.0834094485	-0.0828576163	0.0056695135	-0.0704675565	0.0208238755	0.0344065927	0.0433958095	-0.0506146247	-0.0612572183	-0.0588974083	0.1096409863	-0.0451578896	-0.1523845216	-0.0168863088	-0.0863240325	0.0820492375	0.0083234852	0.089646087	0.1089576276	-0.0391493398	-0.1041010301	0.0492489648	-0.13584633	0.0212087383	0.0140228768	-0.1417207218	0.1065247627	-0.0715770735	-0.0653202891	-0.0031406184	0.0232774304	0.0792386074	0.0033809076	0.06423855	-0.0124675955	0.0476997027	0.088678915	-0.0975915223	0.0421724678	0.0799099209	-0.0544756728	0.1165985303	0.110228079	-0.1587533811	-0.0655377579	-0.1029667034	-0.0423270362	-0.0321755922	0.0229582543	0.1008298532	0.0190556346	-0.0219474209	-0.0751538616	-0.0772041856	-0.1508882486	-0.1136451198	0.1082280018	-0.0993899282	0.19191	-0.0168629999999999	0.0368294481	0.0002843607689999	-0.0305068	-0.0044314	1.9637305960000017e-05	0.00093066484624	-0.361168	-3.599999999998049e-05	1.2959999999985955e-09	0.1304423242239999	-0.000155385	-0.001109269	2.4144498225e-08	1.230477714361e-06	-0.00465853	-5.9230000000000393e-05	3.508192900000046e-09	2.17019017609e-05	-0.000114742	3.2307000000000014e-05	1.3165726564e-08	1.043742249000001e-09	0.0
1726.2054532393902	-0.4506863218953185	2979785.2667934084	0.2031181607435306	2589.1664317252084	-2.112357728664847	4.462055173850112	6703782.811172648	1870.3827556884216	-0.8702311728952736	3498331.652776614	0.7573022942786837	2031.2521154059816	1332.8608837669335	0.935874	18.079866	0.0465660099999999	0.0292071	0.0242708084	-0.0820098605	0.049496096	0.0265359477	-0.0170944462	-0.0332585572	0.0588842682	-0.0930801739	-0.0736567626	-0.0078692922	-0.1072316329	0.0526600657	-0.1142005275	-0.0335587434	-0.0222200434	0.0108070828	0.0401136131	-0.0633395394	0.0455974108	-0.0242812901	-0.0077482685	-0.0867861008	0.1081194495	-0.0326328693	0.0515762907	0.1611884131	-0.0464896869	-0.0027681135	-0.1105331894	-0.0918357779	-0.0191263531	-0.0352489499	-0.0622142865	-0.0694385773	0.0513573873	-0.1514432796	-0.055339693	-0.1054484544	-0.0053539723	-0.0473239381	-0.0617392137	-0.0278530628	0.0449003221	-0.0403945267	-0.0250921881	-0.0500628908	-0.0105133397	-0.1381832334	0.1052252337	-0.0458414164	-0.066170231	0.0780099021	-0.0114949373	0.1918958156	0.0532048924	-0.0071008077	0.0420177298	0.010996492	0.0634422042	0.0009927944	0.0065123968	-0.0149652735	-0.1000992166	0.0478338021	-0.003236275	-0.1154985021	0.0519845037	0.0649288044	0.0558344815	0.019587387	-0.1048427222	-0.1338721874	-0.0361776203	-0.1009015538	0.072160946	0.072052457	0.0709190082	0.0091328856	0.0209691569	-0.0358677308	0.109831883	0.0282301317	0.0145339986	0.07235065	0.1833021755	0.0163395549	-0.0563989707	0.0255560131	-0.0178494191	0.0709991814	0.092543653	-0.0138404192	0.0986039955	0.0101383811	-0.0149352343	0.0630829534	-0.0072777722	-0.1136553874	-0.0019241389	-0.0349295016	0.0425998331	0.0932111177	0.0374159413	-0.0024627881	0.0274225513	-0.0974897055	0.0966276579	-0.0217962686	-0.1223711856	-0.0056354063	0.0521323774	-0.1192962831	0.0104595519	-0.108470547	0.1066592716	-0.0882751799	-0.0183591829	0.0392052379	0.0481890923	-0.0002024913	0.0196628275	-0.0602530947	0.1044803703	-0.0979271905	-0.1184116686	-0.0166497372	-0.1140484259	0.1098185471	-0.1028845713	0.194373	0.0024629999999999	0.0377808631289999	6.0663689999999655e-06	-0.0209565	0.0095503	9.120823009000002e-05	0.00043917489225	-0.334331	0.026837	0.000720224569	0.111777217561	-2.51788e-05	0.0001302062	6.3397196944e-10	1.6953654518439998e-08	-0.00465853	0.0	0.0	2.17019017609e-05	-0.00013885	-2.4107999999999997e-05	1.9279322499999995e-08	5.811956639999997e-10	0.0
1723.8371282792857	-2.3683249601044736	2971614.4448341746	5.6089631166538565	2576.131989700129	-13.034442025079445	169.89667890515707	6636456.028356345	1864.4865057593825	-5.896249929039186	3476309.930158832	34.765763225694606	2022.994681047696	1346.3215843706796	0.933506	18.034109	0.0686494599999999	0.0330757	0.0476312095	0.0535938012	0.0480778552	0.0076739447	-0.013648216	0.0539823843	-0.049144655	-0.1637176639	-0.1833531462	0.0410692758	0.0630786724	0.0606715523	0.0175979683	0.2454481644	0.0471500924	0.0791753798	0.0247632929	-0.0384635945	0.0098009002	-0.034403814	0.0788345645	0.0803079286	0.0567924703	-0.0192522793	-0.1076397338	-0.012953535	0.1006136181	0.0077687794	0.0675903617	0.0684025697	-0.0317448319	0.0427377743	-0.1149299359	-0.0198653936	0.08483913	0.073561806	0.0304802884	0.0407637809	-0.0811885502	0.0347618474	-0.1748664033	-0.1671250962	0.0971576902	0.0971232982	0.0625698015	-0.0212503485	0.0743589815	0.0026810745	0.0360199533	-0.0256483109	0.065307697	0.0832301967	-0.1454589449	0.1089904773	0.0985335887	-0.0224321132	0.0712663518	0.0587956932	-0.1652467613	0.1085286643	-0.0941179728	-0.163766112	0.0532218925	-0.0754549975	0.0144408648	-0.0219977835	-0.0243588919	0.1998406328	-0.147688708	0.2024030144	0.0362538547	-0.021673347	-0.0118784154	-0.1777619604	-0.0124759403	0.1557618832	0.0123488142	-0.011757157	0.013638754	-0.0920182358	0.0724833998	-0.0084102799	-0.0851124665	0.1378624186	-0.0533262833	0.0659931546	0.0401525007	0.1445193189	0.0199064988	-0.0151652987	-0.1198995662	0.0438988914	-0.0187780489	0.0958268255	-0.0285952138	0.0864948782	0.044246905	-0.1398879019	-0.0340356987	-0.0160540227	-0.1553140285	-0.0808494144	0.045854083	0.0045272982	0.0558693814	-0.0914309512	-0.0177428435	-0.0517544413	0.0322353957	-0.0542234905	0.0143461148	-0.1388402493	0.1477061246	0.0001428726	0.043872741	0.0687685374	-0.1106587298	-0.0564188141	0.1245106789	0.1028390511	0.0285540796	0.1117677788	-0.1669928207	-0.0435940235	0.00909999	0.0096402972	-0.1144017065	0.1112164334	-0.105973176	0.198292	0.003919	0.039319717264	1.5358561000000046e-05	-0.0280333	-0.0070768	5.0081098240000015e-05	0.00078586590889	-0.312609	0.0217219999999999	0.0004718452839999	0.097724386881	-0.000205017	-0.0001798382	4.2031970289e-08	3.234177817924e-08	-0.00428416	0.0003743699999999	1.4015289689999981e-07	1.83540269056e-05	-0.000303275	-0.000164425	9.197572562500001e-08	2.7035580625e-08	0.0
1724.5244797628302	0.6873514835444894	2973984.6813012604	0.4724520619308104	2591.392926101398	15.260936401269191	232.89617984358304	6715317.297448367	1866.3381042445608	1.8515984851783287	3483217.919355181	3.428416950314681	2028.35971224751	1332.8242158108778	0.904448	17.472759	0.0493413	0.0256268	0.0416026567	-0.0356507914	-0.040441783	-0.0701089452	-0.0392510557	-0.0054821	0.0984207612	0.0429854233	-0.0082629089	-0.0438566637	-0.0106799658	0.0199612531	-0.0185975999	-0.1582323159	0.0729785124	-0.2050001115	0.1138413193	0.0323171548	0.0422312444	-0.1064365649	0.0173974209	0.0211015818	0.0836091429	-0.0572375923	0.0133303749	0.1408809949	0.0411743509	-0.0522412628	-0.0383039664	-0.0018961515	-0.0316665091	0.0280541373	-0.0146277558	0.1097400734	0.0483054692	-0.1063520915	-0.0272472545	0.0273306467	0.0700610894	0.1179351499	0.1038778753	-0.1009208946	0.0802756576	0.0459030526	-0.0151695732	0.043584127	0.1620714326	0.0249601513	0.1010995143	-0.0200671061	-0.0348364469	-0.1594424754	0.1023334234	0.0559959927	0.0352260589	-0.1017760718	-0.0287266752	0.0503794437	-0.0965364349	0.0456988	-0.0813099605	0.0392943692	-0.0427907917	-0.0832801659	-0.064057729	-0.0992559801	0.0748053996	0.0420888712	0.0021123948	0.0045720117	-0.0482752193	-0.0578408998	-0.1527934119	0.0139881128	0.066082447	-0.0113998623	-0.0031881786	-0.0554634071	-0.0332613427	0.1542190216	-0.115841592	-0.0336717513	0.1069290256	0.136350827	-0.1201859642	-0.0924540629	-0.051747179	0.0854833976	0.1074415025	0.0220012058	0.1794893217	-0.0393707631	-0.1195086319	0.0268784297	0.0528534243	-0.0202012236	-0.127017132	-0.0305694239	-0.1405202071	0.0685955694	-0.077736375	-0.0987861407	0.0204358041	0.0254337626	0.0658057097	-0.0705086702	-0.0910275747	-0.0126053084	0.0658359739	-0.0143241603	-0.0286836336	-0.1803751647	0.0034244863	-0.0695075938	0.1154782932	-0.0011926523	-0.0746882897	-0.110313836	0.0961521214	0.00235524	-0.0241016013	-0.022550666	-0.0186330795	-0.0187375201	-0.0239284389	0.0015656107	-0.1147048067	0.1124192083	-0.108643553	0.208234	0.009942	0.043361398756	9.884336400000012e-05	-0.0281061	-7.279999999999787e-05	5.299839999999689e-09	0.0007899528572099	-0.29903	0.013579	0.000184389241	0.0894189409	0.000170593	0.0003756099999999	2.9101971649e-08	1.4108287209999997e-07	-0.00428273	1.4300000000001811e-06	2.044900000000518e-12	1.83417762529e-05	-0.000441185	-0.00013791	1.9464420422500001e-07	1.901916810000001e-08	0.0
1726.2137789984	1.689299235569706	2979814.0108039365	2.8537319072963934	2592.049534505009	0.6566084036107895	0.4311345956923095	6718720.789327634	1866.78717470824	0.4490704636791633	3484894.355655173	0.2016642813490188	2029.5162375067373	1337.5790042200051	0.95876	18.52199	0.049288805	0.0257179	-0.0325736727	0.0355121746	-0.0022619123	0.0890196789	-0.0222200082	-0.0767763301	0.0485561594	-0.0415895389	-0.0891686674	-0.0001947506	0.0212528144	-0.0347745795	0.05680283	-0.0893858525	0.1239268545	0.0946456424	0.0496730132	-0.0562137764	-0.0164349458	-0.0443540517	-0.1045215577	0.0120708974	0.0852235419	-0.0073764123	-0.0073392024	0.0473966424	0.0668332994	0.0005183776	0.0048560296	-0.0402917793	0.0152729643	0.0376777258	-0.0573625466	-0.0063784439	-0.0636022162	0.0450197099	-0.1146952522	0.1323948444	-0.0877898867	0.0995297252	0.0925266607	-0.0383490621	-0.0265908285	0.0435174357	0.1112354706	0.073184394	-0.0144622551	0.0642265856	0.1501229223	-0.0022718662	-0.0676352061	0.0421307405	0.0184217339	-0.0971499692	0.0021283375	-0.2106616653	0.028537888	-0.0235968047	-0.0685167533	-0.0223901011	0.1399006006	-0.0579585482	-0.0430155011	0.0081967151	-0.089293285	-0.0255999479	-0.0110531203	0.0725516056	-0.0104237959	-0.0232719157	0.0068481667	-0.0673236303	-0.1029370712	0.017265901	-0.0697492849	0.0621203441	-0.0600394659	-0.1380987973	-0.0042952785	-0.0909988622	0.1250676674	-0.0322517645	-0.0183887813	0.0613332848	-0.0364070858	-0.006336728	0.1456196084	-0.0049488667	-0.0236620015	0.0189211063	0.1410138243	-0.149859056	-0.1641477867	0.1025207346	-0.0564996375	-0.0730958044	-0.0498843173	0.0794375961	0.005658419	0.0183294705	-0.0280769512	0.0396535251	-0.0389080506	-0.0221037768	0.0971360316	0.0671933363	0.0503016494	0.0060519694	0.0126091488	-0.018149312	-0.090838234	-0.1812698494	0.1020038388	-0.0454857306	0.0569443054	0.0406918249	-0.0317848192	-0.0014447284	0.0893071296	0.0114346968	0.0453198577	-0.0864582439	-0.0462993926	-0.0777033833	-0.0081375867	0.01057118	-0.1149575937	0.1134247617	-0.1108851636	0.219927	0.011693	0.048367885329	0.000136726249	-0.0281048	1.2999999999992184e-06	1.689999999997968e-12	0.00078987978304	-0.278948	0.020082	0.000403286724	0.0778119867039999	6.31249e-05	-0.0001074681	3.9847530000099994e-09	1.154939251761e-08	-0.00414095	0.00014178	2.0101568400000058e-08	1.71474669025e-05	-0.000340183	0.000101002	1.1572447348900001e-07	1.020140400400001e-08	0.0
1721.8346027023283	-4.379176296071591	2964714.3990630847	19.177185032075304	2589.948240102438	-2.1012944025710567	4.415438166276454	6707831.886409716	1859.78920188912	-6.997972819119923	3458815.8754633702	48.97162357714124	2023.899922575528	1327.1331823584912	1.027322	19.846527	0.1005124449999999	0.0522015	-0.0644135757	-0.0940359945	-0.1584716895	0.0376396378	-0.0006246484	-0.0727968984	0.0420195945	-0.0224535208	0.0793179922	-0.0991662006	-0.0900155322	-0.0934479537	-0.0955265346	-0.0263254054	-0.0476514391	-0.0267235617	-0.0041477746	0.0208877763	-0.1412008224	-0.0978911569	-0.0276394264	-0.0614787017	-0.2958813505	0.0620717845	0.1241961771	-0.0829855827	-0.1147161379	0.1142478382	0.0371236326	0.0303683408	-0.012604881	-0.007323712	0.0890354548	-0.0527121332	0.1318703138	0.0016302451	0.0246780935	0.0303444952	-0.0007141159	-0.1345762853	-0.0059252777	-0.0576578451	-0.1178841904	-0.0703728364	0.2040249509	0.0336203688	-0.0324045829	-0.1601532704	0.1911205312	0.0432368825	-0.0500734752	0.2547717298	-0.0003745957	-0.0168740104	0.1156171326	-0.078487876	-0.1188606748	-0.0660695701	0.1032808592	0.0113823751	-0.051936338	0.0840930876	-0.0724606285	0.0664222227	0.1402512353	0.1844367825	0.1490243537	-0.127804613	0.0426728894	0.0132974365	0.0721160984	-0.0245564437	0.1340402773	0.0966302782	0.1400165059	0.0216141301	0.0330360806	-0.0439689524	-0.0396500557	-0.2266281403	-0.0588394886	0.0524371072	-0.0174324303	-0.030473051	-0.078390593	0.087422024	0.1136194989	-0.2097978611	-0.0009614931	0.0920145803	-0.0339676948	-0.0487182079	-0.0433617645	-0.1400425639	-0.0366556695	0.0840794361	-0.0017611219	-0.0659928644	0.0488727309	0.1495671892	-0.111206348	0.0432280235	-0.0679320127	-0.0905208203	0.096869359	0.013600794	-0.0016526025	0.0906697326	-0.1489942049	0.0739763423	0.0106409777	-0.1334107853	0.0233535444	-0.0292029011	-0.0463152883	-0.0796778911	-0.0084905145	0.0180561238	0.0699718422	-0.0604330902	-0.0844941557	0.0379276201	0.0039328179	0.0752412996	-0.0139284366	-0.1201524163	-0.1151599564	0.1142313295	-0.112689161	0.219937	9.999999999982244e-06	0.048372283969	9.999999999964491e-11	-0.0101028	0.0180019999999999	0.0003240720039999	0.00010206656784	-0.266243	0.0127049999999999	0.0001614170249999	0.070885335049	-0.000702965	-0.0007660898999999	4.941597912249999e-07	5.868937348820099e-07	-0.00404127	9.968000000000044e-05	9.936102400000086e-09	1.6331863212899997e-05	-0.0008703219999999	-0.0005301389999999	7.574603836838259e-07	2.810473593208941e-07	0.0
1724.0549982826376	2.2203955803092867	2972365.6371033457	4.930156533057014	2589.2298614614742	-0.7183786409636923	0.5160678717928415	6704111.275483805	1867.7168293523464	7.927627463226372	3488366.1546459817	62.84727719570101	2029.478498924367	1326.2098165559953	1.010464	19.520849	0.1046073499999999	0.0560814	-0.05642119	0.0648439493	-0.0353632077	0.0467658516	-0.060965228	-0.1207182345	0.025445551	-0.1478495889	0.0854080858	-0.0375854582	0.0732588447	0.0838044944	0.0821492556	-0.0691809047	-0.1190553908	-0.0560544813	-0.1435421541	-0.0293896551	-0.0828269309	0.0864598996	-0.0219761889	-0.0771221905	0.0040445297	0.0320286319	-0.0415653698	0.2221606837	-0.0064809955	0.0149990024	-0.0491584294	-0.0264786243	-0.1717776481	-0.0905472814	-0.1338373045	-0.0705753382	0.0811781786	-0.0273456462	0.0668629119	0.0375684015	0.0453864916	-0.0258646513	0.0465660759	-0.0763757665	-0.0616290477	-0.0236215418	-0.0744063566	0.1259715992	-0.0599712114	0.053497863	-0.1262598035	0.0108462553	0.0326520324	0.0541251897	0.0211560774	-0.0767023133	0.0331696126	0.0138815728	0.1518593	0.0825278368	0.0227973991	-0.1148723842	0.0709547115	0.0310016785	-0.0694519762	0.1092782602	0.0394274801	-0.0623876293	0.097650088	0.1444336959	0.014956271	-0.0413902353	0.0520050233	-0.0523675801	-0.1071833567	0.0979825392	-0.0279519036	-0.0092662656	-0.0637756768	0.1700319095	-0.0448687351	-0.0882790405	-0.025065513	0.0381420176	0.0082943376	0.0545438663	0.0040532533	0.0193191161	0.057201234	-0.0564382366	-0.0886387438	0.1929982684	-0.0133982521	0.0525605541	0.0093942581	0.0166703542	-0.0996204209	0.0213391811	-0.0228241318	-0.0020509277	-0.0045516527	-0.1686005236	0.0323064554	-0.0779992443	-0.0113302964	-0.0764047545	0.0108666455	-0.078030179	0.041420445	0.0723353404	-0.08970931	-0.1450803683	0.0480430778	-0.1375337401	0.1457734449	-0.0610332381	-0.0176113774	-0.0144392683	-0.0171359125	0.0129432645	0.117282424	-0.0364488492	0.0444120429	-0.0247798426	0.0163797886	-0.0681025713	-0.0099043058	0.0142510474	-0.1153118061	0.1148374968	-0.1140484259	0.172249	-0.0476879999999999	0.029669718001	0.0022741453439999	-0.0278141	-0.0177113	0.00031369014769	0.00077362415881	-0.273736	-0.0074929999999999	5.614504899999958e-05	0.0749313976959999	-0.000889563	-0.000186598	7.91322330969e-07	3.481881360400002e-08	-0.00373147	0.0003097999999999	9.597603999999965e-08	1.3923868360900002e-05	-0.000732419	0.0001379029999999	5.36437591561e-07	1.9017237408972425e-08	0.0
1726.0670071540053	2.012008871367698	2979307.313185585	4.0481796984623175	2591.6368724417457	2.40701098027148	5.793701859147469	6716581.678599633	1869.9706467914625	2.253817439116119	3496790.2198616806	5.079693048863942	2029.2200937916764	1326.6238462664187	1.009243	19.497257	0.0632134999999999	0.0294987	-0.0448813482	-0.1665979548	-0.0489944851	0.0916799085	-0.061176226	-0.0588864458	0.0702557683	-0.0179860657	-0.0416141719	0.0021827757	-0.0150143772	0.1408254666	-0.0874928945	-0.0760627458	-0.0219713923	0.0980096009	0.1489880351	0.080310435	-0.0493129438	7.40805e-05	-0.0209341638	-0.0986001969	0.0464440068	0.1069973565	-0.0813553368	0.0852150077	-0.1274160598	0.0037670387	-0.0635913994	-0.0101748777	-0.045800266	-0.1565800747	-0.1084655986	-0.1102138158	-0.0142111162	-0.1130163621	0.0141764958	-0.0237786112	-0.121414559	-0.0010685818	-0.0519324714	0.1310418888	-0.1081185134	-0.0041593623	0.1015941721	-0.0695948334	-0.0237605992	0.162820045	-0.0751369938	0.022596308	-0.0352729577	-0.168204756	-0.0094828328	0.0158620498	-0.0415851883	-0.0115864322	0.004635039	0.0614937799	0.0857643969	0.0326162368	0.0423046221	-0.077641481	-0.0058157598	0.1287074801	-0.0303807842	-0.117194329	0.1027001783	-0.0064839623	-0.0506498305	0.0358287454	-0.1549942459	-0.1017880455	0.0764371482	0.061348598	0.033194726	0.0622616447	0.0696301932	0.0384398706	0.0879745279	-0.0042281243	0.060406855	-0.0404596952	0.2499135761	0.0689923348	-0.0470857238	-0.0074386466	0.1336543077	-0.0695068265	0.0326966824	-0.0206087271	0.1530264666	-0.0706868347	0.0591593036	0.0882139039	-0.0043232058	0.007342097	0.0259706294	0.1577358376	0.0337284489	-0.0780608889	-0.0448254873	-0.0036877688	-0.03634325	-0.1110851425	0.0744886207	-0.0490975876	-0.1186504184	-0.0649734299	-0.1293589112	-0.1231279439	-0.0400995383	-0.1999962777	0.1596353762	-0.1396018149	-0.0087007079	-0.1448129204	-0.0036604201	0.0879051679	0.1262658619	-0.0371956303	0.0747466315	0.0894708253	0.009717293	-0.0422009357	0.0394829299	0.1008577873	-0.1154130763	0.1152422001	-0.1149575937	0.170799	-0.00145	0.029172298401	2.10250000000002e-06	-0.0198785	0.0079356	6.297374736000001e-05	0.00039515476225	-0.258164	0.0155719999999999	0.0002424871839999	0.066648650896	-0.00108753	-0.0001979669999999	1.1827215009e-06	3.919093308899998e-08	-0.00350123	0.00023024	5.301045760000002e-08	1.22586115129e-05	-0.00106933	-0.000336911	1.1434666489e-06	1.1350902192100004e-07	0.0
1722.3573899759758	-3.7096171780294753	2966514.978804856	13.761259607531368	2572.6667715790754	-18.97010086267028	359.8647267398837	6618614.317587103	1863.7093071013585	-6.261339690104023	3473412.381376226	39.204374714871946	2021.4809230459748	1338.9318548218405	1.076223	20.79122	0.0570806999999999	0.0244878	-0.0477018277	0.1227132418	-0.0498901951	0.0067000743	0.0092896451	0.1199795636	-0.1309331302	0.0829200247	-0.0351450778	-0.0056597051	-0.0391960576	0.0512490201	-0.0317645877	-0.0590588165	-0.0217556081	-0.0472230541	-0.0498852026	-0.0182129058	0.1444276416	0.0417520888	-0.2099714281	0.0491655662	-0.0055517319	0.0322250179	-0.0112279894	0.1176843507	0.0577670955	0.021220715	0.0435796726	-0.1003638235	0.0636534721	0.1198364511	0.0040972777	-0.0599329346	-0.0253349139	0.0037453638	0.000947657	0.0621969859	-0.0843228432	-0.1043676202	0.0229821827	0.1483202073	0.0879361481	-0.1495651349	-0.0020762934	-0.0324570905	0.0820227346	-0.0515563504	-0.0812457836	-0.0092297869	-0.0775090245	0.0175365912	0.0096985878	-0.0013555648	-0.1788067149	-0.047817145	-0.0809039568	0.0085900545	0.0066704776	-0.0061634865	0.0633245201	-0.0464324634	0.1178817037	-0.0245302773	0.0381304313	0.0023139365	-0.0959610684	-0.0037402074	0.1758650486	0.0038427995	-0.0553633111	-0.0117129324	-0.1138768724	0.0667859647	0.0360650293	-0.0136431311	-0.0668047974	0.0507497933	0.019493704	0.0181003121	0.101687101	0.0596344344	0.0745290923	-0.0640072887	0.03555828	0.0866247482	-0.0100105634	0.0473079205	0.099662267	0.0485655437	0.0118484381	-0.1710684758	-0.0980806602	0.0203238411	0.1495447225	0.1270094136	0.1299321306	-0.00042728	0.0841472191	0.0024989856	0.0890337533	-0.0981777508	-0.0479482203	-0.0414103984	-0.008860629	0.0177710737	-0.0382589808	0.0963553461	0.0764580771	-0.1321634435	0.0037667471	-0.1488491304	0.0827854012	-0.0024436886	-0.0035105452	-0.160486118	-0.0177397598	0.0163278399	0.1095054683	0.0055558967	-0.0466980708	0.0559863608	-0.0481037209	0.0266563245	-0.0034788884	0.1029591537	-0.1154637225	0.1154447293	-0.1154130763	0.178397	0.0075979999999999	0.031825489609	5.772960399999991e-05	-0.0289705	-0.009092	8.266446399999998e-05	0.00083928987025	-0.247152	0.0110119999999999	0.0001212641439999	0.061084111104	-0.000757866	0.0003296639999999	5.74360873956e-07	1.0867835289599994e-07	-0.00368988	-0.0001886499999999	3.558882249999994e-08	1.36152144144e-05	-0.00113859	-6.926000000000002e-05	1.2963871881000002e-06	4.796947600000003e-09	0.0
